wavelength	S-Sdark	Sdark	I	Idark	Wavelength	R	Rdark	Mcorrect	XCorrect	Sc	Ic	Rc	Sc/Rc
nm	counts	counts			nm	uA	uA			counts*Mcorrect		uA*Xcorrect	counts/uA
	Raw CCD Data	Dark Offset CCD				Linear interp of B	Dark Offset Ref	interpolated	Linear interp of B	Dark Corrected CCD		Dark Corrected Ref	Fully Corrected Emission Spectrum
247.111	-3	2111	2.98003374688144	0.00296616871602253	350.0268	4.38734543168778	0.0011224421866389	1	1.01838652935028	-3	2.97706757816541	4.46687040723448	-0.671611156469021
249.35	12	2159						1		12			2.68644462587609
251.589	55	2075						1.29494841659069		71.222162912488			15.944533066627
253.829	63	2138						1.27219349586964		80.1481902397871			17.9428062452809
256.071	38	2088						1.28453522515297		48.8123385558128			10.9276370491423
258.313	-14	2142						1.29313672626018		-18.1039141676426			-4.05293024358211
260.556	75	2095						1.29762124967575		97.3215937256813			21.7874227038377
262.8	69	2079						1.31889138221741		91.0035053730011			20.3729898287654
265.045	66	2169						1.3311848205328		87.8581981551647			19.6688486894249
267.291	32	1924						1.32715850269794		42.4690720863342			9.50756753935639
269.538	20	2040						1.31771089458466		26.3542178916931			5.8999289186922
271.785	38	2310						1.29463942229748		49.1962980473041			11.0135942085149
274.034	29	2147						1.26719487547874		36.7486513888836			8.22693475265501
276.284	12	2198						1.2437932677269		14.9255192127228			3.34138173978578
278.534	83	2269						1.21757123494148		101.058412500143			22.6239857633815
280.785	69	2152						1.19404349088669		82.3890008711815			18.4444573851405
283.038	75	2065						1.17445929145813		88.0844468593597			19.7194990740496
285.291	147	2070						1.14899238502979		168.90188059938			37.812129119714
287.545	93	2212						1.13256092429161		105.32816595912			23.5798571161885
289.8	118	2210						1.11338102817535		131.378961324692			29.4118587169917
292.056	190	2140						1.09960613632202		208.925165901184			46.7721574287921
294.313	115	2386						1.07985373020172		124.183178973198			27.800936148063
296.571	158	2216						1.06108229291439		167.651002280474			37.5320945082598
298.83	199	2076						1.05125370264053		209.199486825466			46.8335697598591
301.089	176	2265						1.04446094954014		183.825127119064			41.1530020708332
303.35	133	2324						1.03635212182999		137.834832203388			30.857137019277
305.611	271	2016						1.03346272468567		280.068398389816			62.6990203110037
307.873	359	2285						1.02613383507729		368.382046792746			82.469830822967
310.137	630	2369						1.01664032948017		640.483407572508			143.385267352997
312.401	911	2183						1.01285588526726		922.711711478472			206.567826544522
314.665	1283	2080						1.00820509791374		1293.52714062333			289.582419612701
316.931	1637	2189						1.00141552519798		1639.3172147491			366.994576805739
319.198	2186	2155						0.993354327201844		2171.47255926323			486.128398922508
321.465	2517	2146						0.987558677196503		2485.6851905036			556.471301804014
323.734	2743	2194						0.992933319211006		2723.61609459579			609.736985023039
326.003	2882	2088						0.994872973501682		2867.22390963185			641.886521934492
328.273	2889	2195						0.999318111121654		2887.03002303046			646.320524176091
330.544	3024	2038						0.999052738189697		3021.13548028564			676.342764588078
332.816	3050	2277						0.998519322395325		3045.48393330574			681.793662151764
335.089	3126	2153						0.99640989369154		3114.77732767975			697.306401062162
337.363	3095	2097						0.994218846678734		3077.10733047068			688.873204265573
339.637	3265	2003						0.990875213265419		3235.20757131159			724.267166128638
341.912	4601	2288						0.986315049171448		4538.03554123783			1015.93176598275
344.189	14992	2270						0.984911090433598		14765.7870677805			3305.62244292246
346.466	49081	2114						0.98432514500618		48311.6624420483			10815.5504945484
348.743	63260	2275						0.988183764457703		62512.5049395943			13994.6985787521
351.022	63352	2183						0.991214072942734		62795.3939490681			14058.0290503538
353.302	63362	2173						0.99419793343544		62994.3694583364			14102.5737743167
355.582	40564	2152						0.996427663207054		40419.0917303309			9048.63764681167
357.863	10825	2297						0.996545427083969		10787.604248184			2415.02512155099
360.145	2994	2190						0.99848480463028		2989.46350506306			669.252347285778
362.428	2073	2091						0.997389421701431		2067.58827118707			462.871783304577
364.712	1658	2131						0.992847330093384		1646.14087329483			368.522191874822
366.996	1352	2240						0.986479816913605		1333.72071246719			298.580570035593
369.282	1234	2319						0.981532182693482		1211.21071344376			271.154209327877
371.568	1165	2248						0.973430332660675		1134.04633754969			253.879390750401
373.855	955	2062						0.972961461246014		929.178195489943			208.015480812933
376.143	964	2107						0.953890403747559		919.550349212647			205.860091155399
378.431	876	2217						0.937673596262932		821.402070326328			183.887598125971
380.721	864	2219						0.925762141942978		799.858490638733			179.064628636482
383.011	702	2276						0.919697756826877		645.627825292468			144.536950131085
385.302	877	2077						0.907902641057968		796.230616207838			178.252454989129
387.594	1504	2290						0.889364968657494		1337.60491286087			299.450127475045
389.886	3200	2118						0.86468685734272		2766.9979434967			619.448896259742
392.18	6487	2227						0.85177805185318		5525.48422237158			1236.99228287944
394.474	10701	2052						0.828343472361565		8864.1034977411			1984.41026705967
396.769	13755	2250						0.811414574325085		11161.0074698415			2498.61904472655
399.064	14184	2368						0.777925970554352		11034.1019663429			2470.20866073756
401.361	11419	2209						0.769095464766026		8782.30111216325			1966.09713546638
403.658	7238	2443						0.762151235699654		5516.45064399409			1234.96993220572
405.956	3651	2212						0.759270443201065		2772.09638812709			620.590287024544
408.255	1574	2273						0.751909650266171		1183.50578951895			264.951897328869
410.555	755	2225						0.739757430553436		558.516860067844			125.035384765871
412.855	433	2143						0.735133742690086		318.312910584807			71.2608339989609
415.157	371	2119						0.726653657436371		269.588506908894			60.3528829652796
417.459	195	2412						0.717370650231838		139.887276795208			31.316618581244
419.761	140	2139						0.706846804440021		98.958552621603			22.1538893228984
422.065	149	2199						0.700311073958874		104.346350019872			23.3600576033892
424.369	145	2267						0.692784095406532		100.453693833947			22.4886071624674
426.674	118	2099						0.683476420998573		80.6502176778317			18.0551953213623
428.98	114	2192						0.674950360059738		76.9443410468101			17.2255592913983
431.286	148	2266						0.671718940138817		99.4144031405449			22.2559407542996
433.593	114	2283						0.668286883950234		76.1847047703266			17.05549922535
435.901	126	2302						0.666701114952564		84.0043404840231			18.8060840869641
438.21	140	2042						0.66224689245224		92.7145649433136			20.756045394367
440.519	192	2124						0.658427118480206		126.418006748199			28.3012479035556
442.83	201	2132						0.652106192708016		131.073344734311			29.3434402130911
445.141	240	2103						0.649022947907448		155.765507497787			34.8712842095244
447.452	308	2221						0.642366389513016		197.848847970009			44.2924978637338
449.764	352	2196						0.635379093170166		223.653440795898			50.0693820070697
452.078	325	2356						0.631254005551338		205.157551804185			45.9287002085206
454.391	343	2228						0.626888889551163		215.022889116049			48.1372570755132
456.706	248	2311						0.624174324631691		154.795232508659			34.6540683736773
459.021	204	2170						0.62288531434536		127.068604126453			28.4468973894239
461.337	221	2268						0.618086870312691		136.597198339105			30.5800674489848
463.654	179	2216						0.613658705830574		109.844908343673			24.5910219749759
465.971	146	2380						0.609490041732788		88.9855460929871			19.9212285068462
468.289	172	2278						0.604761924147606		104.019050953388			23.286785035205
470.608	108	2416						0.601815566539764		64.9960811862946			14.5506977504939
472.927	87	2188						0.599672223567963		52.1714834504128			11.679650111612
475.247	105	2277						0.596604067206383		62.6434270566702			14.024008163571
477.568	124	2240						0.594237541675568		73.6854551677704			16.4959912533908
479.889	140	2180						0.592024919271469		82.8834886980057			18.5551585655516
482.212	68	2317						0.592317102909088		40.277562997818			9.01695355490614
484.534	62	2412						0.594473752737045		36.8573726696968			8.25127422770159
486.858	90	2359						0.593847845554352		53.4463060998917			11.9650451495819
489.182	132	2404						0.593445248842239		78.3347728471756			17.5368357945432
491.507	124	2128						0.594921152889729		73.7702229583263			16.5149682513397
493.833	132	2366						0.592186645328999		78.1686371834278			17.4996429394564
496.159	124	2269						0.591879195511341		73.3930202434063			16.4305237341428
498.486	116	2171						0.591259409070015		68.5860914521217			15.3543947326165
500.813	75	2181						0.591638120949268		44.3728590711951			9.93376906554742
503.141	116	2293						0.589587354838848		68.3921331613064			15.3109732152828
505.47	128	2333						0.590473465919495		75.5806036376953			16.9202588719131
507.8	105	2210						0.58938924074173		61.8858702778816			13.8544136354733
510.13	117	2294						0.584998700618744		68.444847972393			15.3227745003617
512.461	87	2410						0.584598456084728		50.8600656793714			11.386062509671
514.792	109	2414						0.583493433952332		63.6007843008041			14.2383320988666
517.124	71	2263						0.581232196092606		41.267485922575			9.23856798167655
519.457	110	2381						0.579351303219795		63.7286433541775			14.2669559544337
521.79	70	2201						0.580496786832809		40.6347750782967			9.09692276106446
524.124	79	2324						0.57870526099205		45.717715618372			10.2348426191922
526.458	66	2300						0.576307473778725		38.0362932693958			8.51519963681793
528.794	46	2466						0.577531453132629		26.566446844101			5.94744069607981
531.129	12	2279						0.578766483008862		6.94519779610634			1.55482410791636
533.466	93	2162						0.580180247664452		53.956763032794			12.0793213399266
535.803	74	2221						0.583058912575245		43.1463595305681			9.65919214058435
538.14	76	2236						0.587758140563965		44.6696186828613			10.0002047542089
540.479	69	2196						0.589999395787716		40.7099583093524			9.11375405998327
542.817	92	2346						0.592263173162937		54.4882119309902			12.1982970096338
545.157	-6	2440						0.593717769861221		-3.56230661916733			-0.797494956065407
547.497	23	2347						0.594618706822395		13.6762302569151			3.06170293966112
549.838	68	2317						0.595575387716293		40.4991263647079			9.06655503126218
552.179	66	2345						0.596780196785927		39.3874929878712			8.81769323866654
554.521	67	2465						0.597621031939983		40.0406091399789			8.96390660340843
556.863	20	2217						0.599711997628212		11.9942399525642			2.6851551218362
559.206	9	2207						0.60237123811245		5.42134114301205			1.21367773155714
561.549	27	2383						0.603520955145359		16.2950657889247			3.64798265974617
563.893	60	2327						0.606491972923279		36.3895183753967			8.14653550648364
566.238	42	3590						0.609322130441666		25.59152947855			5.72918556963333
568.583	48	2626						0.611489807486534		29.3515107593536			6.57093402840081
570.929	55	2234						0.613756196856499		33.7565908271074			7.55710100128173
573.276	53	2359						0.617215528488159		32.7124230098724			7.32334274952142
575.622	1	2242						0.620633638978004		0.620633638978004			0.138941492005865
577.97	49	2400						0.625026537775993		30.6263003510237			6.8563216657062
580.318	35	2301						0.627394749164581		21.9588162207603			4.91592865223852
582.666	26	2225						0.629204005241394		16.3593041362762			3.66236372333098
585.016	37	2459						0.631954453468323		23.3823147783279			5.23460782306517
587.365	23	2360						0.633092116117477		14.561118670702			3.25980324997094
589.715	70	2985						0.637148849070072		44.6004194349051			9.98471309189333
592.066	38	2398						0.637307598233223		24.2176887328625			5.42162331229485
594.417	-23	2318						0.639439945697784		-14.707118751049			-3.29248834423976
596.769	2	2382						0.642819298386574		1.28563859677315			0.287816408260008
599.121	-11	2349						0.644936014711857		-7.09429616183042			-1.58820281652689
601.474	51	2331						0.64742348241806		33.0185976033211			7.39188617378391
603.828	64	2213						0.650555606126785		41.6355587921143			9.3209685968686
606.181	-26	2337						0.654303818881512		-17.0118992909193			-3.80846045216961
608.536	39	2365						0.656968998908996		25.6217909574509			5.73596021858036
610.891	34	2299						0.65987440007925		22.4357296026945			5.02269543489731
613.246	33	2611						0.666040543556213		21.979337937355			4.92052285684349
615.602	7	2307						0.668459177613258		4.67921424329281			1.04753749643473
617.958	27	2183						0.672432673215866		18.1556821768284			4.06451956775457
620.315	14	2315						0.676123341321945		9.46572677850723			2.11909590284434
622.672	31	2351						0.678001314640045		21.0180407538414			4.70531688580015
625.03	59	2518						0.682966375946998		40.2950161808729			9.02086080572466
627.388	26	2330						0.686617954730988		17.8520668230057			3.9965490814537
629.747	-18	2454						0.690543981492519		-12.4297916668653			-2.78266225201748
632.106	72	2270						0.694335581183434		49.9921618452072			11.1917645437487
634.466	73	2195						0.696230260491371		50.8248090158701			11.3781695868219
636.826	21	2393						0.698076308846474		14.6596024857759			3.28185085961604
639.187	57	2352						0.698986764967442		39.8422456031442			8.91949888195015
641.548	19	2657						0.702054481506348		13.3390351486206			2.986214940782
643.91	-12	2505						0.706712818145752		-8.48055381774902			-1.8985448523454
646.272	-2	2315						0.712583263397217		-1.42516652679443			-0.319052579740449
648.634	5	2327						0.717847754120827		3.58923877060413			0.80352426718963
650.997	30	2328						0.723733997106552		21.7120199131966			4.86067826772679
653.361	-13	2354						0.730186020195484		-9.49241826254129			-2.12507133566434
655.724	13	2454						0.7341744992733		9.54426849055291			2.13667906619703
658.089	-23	2162						0.738915598452091		-16.9950587643981			-3.80469035700546
660.453	50	2178						0.745233576476574		37.2616788238287			8.34178640228295
662.818	49	2432						0.751778895497322		36.8371658793688			8.24675052576135
665.184	63	2200						0.753519323825836		47.4717174010277			10.6275116744249
667.55	51	2408						0.758299961686134		38.6732980459928			8.65780614171347
669.916	43	2372						0.76304160284996		32.8107889225483			7.34536396431121
672.283	76	2336						0.765285443484783		58.1616937048435			13.0206807904357
674.65	78	2096						0.76824095249176		59.9227942943573			13.4149390582962
677.018	126	2092						0.773500720381737		97.4610907680988			21.8186519604984
679.386	90	2112						0.774655887007713		69.7190298306942			15.6080260841636
681.754	147	2016						0.780758684635162		114.771526641369			25.6939459124416
684.123	215	2197						0.784869603276253		168.746964704394			37.7774480385851
686.492	156	2013						0.7899810359478		123.237041607857			27.5891240113579
688.862	231	2153						0.795084442615509		183.664506244183			41.1170438136558
691.232	629	2088						0.796766014099121		501.165822868347			112.196185959786
693.602	1229	2125						0.803074624538421		986.97871355772			220.955305074269
695.973	1906	2323						0.80917464351654		1542.28687054253			345.272356244018
698.344	2564	2287						0.810426388263703		2077.93325950813			465.1877198279
700.716	2962	2139						0.816140144348145		2417.4071075592			541.185861054756
703.088	2898	2009						0.821240208625793		2379.95412459755			532.801247321393
705.46	2386	2191						0.827542109489441		1974.51547324181			442.035540149969
707.832	1675	2107						0.837463612556458		1402.75155103207			314.034530475787
710.205	1008	2314						0.842343920171261		849.082671532631			190.084464988612
712.579	489	2062						0.847233318328857		414.297092662811			92.7488498416747
714.952	164	2050						0.851786927223206		139.693056064606			31.2731383114139
717.326	107	2115						0.857616646766663		91.7649812040329			20.5434617165995
719.701	73	2023						0.865968562781811		63.2157050830722			14.1521242659489
722.075	11	2461						0.868723821640015		9.55596203804016			2.13929690518074
724.45	54	2112						0.875158727169037		47.258571267128			10.5797945672632
726.826	24	2296						0.879253574848175		21.1020857963562			4.72413208186643
729.201	26	2142						0.886474482953548		23.0483365567923			5.15983998986482
731.577	2	2323						0.89306919658184		1.78613839316368			0.39986349061546
733.954	-26	2315						0.897394534945488		-23.3322579085827			-5.2234015723389
736.33	20	2293						0.905512806177139		18.1102561235428			4.05435001969425
738.707	-16	2304						0.911585627913475		-14.5853700466156			-3.26523241484538
741.085	-51	2292						0.920111380517483		-46.9256804063916			-10.5052701619441
743.462	7	2379						0.927018935799599		6.48913255059719			1.45272460559578
745.84	-28	2358						0.934507882595062		-26.1662207126617			-5.85784191775147
748.218	56	2370						0.93711781668663		52.4785977344513			11.7484039047691
750.597	40	2252						0.942468699574471		37.6987479829788			8.43963324342753
752.975	19	2184						0.960409042239189		18.2477718025446			4.08513570776326
755.355	2	2426						0.965481523275375		1.93096304655075			0.432285441597632
757.734	-8	2228						0.981364061117172		-7.85091248893738			-1.75758680534411
760.113	13	2460						0.990919766604901		12.8819569658637			2.8838886718093
762.493	32	2196						0.994247965455055		31.8159348945618			7.12264560955991
764.874	6	2348						1.00850126409531		6.05100758457184			1.35464140055904
767.254	0	2096						1.01430535674095		0			0
769.635	32	2357						1.0241561716795		32.7729974937439			7.33690358257656
772.016	21	2273						1.0332159318924		21.6975345697403			4.85743542830328
774.397	36	2353						1.03984236133099		37.4343250079155			8.38043677006779
776.778	51	2405						1.04552076172829		53.3215588481426			11.937117934244
779.16	28	2313						1.060282330513		29.687905254364			6.64624279367538
781.542	67	2131						1.06388764548302		71.2804722473621			15.957586799903
783.924	75	2462						1.07290418243408		80.4678136825561			18.0143604686251
786.307	96	2046						1.08409762144089		104.073371658325			23.2989458323594
788.689	91	2238						1.08820687973499		99.0268260558844			22.1691737229497
791.072	137	2378						1.11052705669403		152.142206767082			34.0601344781964
793.455	94	2162						1.1187610322237		105.163537029028			23.5430015741461
795.839	119	2212						1.12241071844101		133.56687549448			29.9016679056005
798.222	143	2313						1.10673387145996		158.262943618774			35.4303861966655
800.606	117	2181						1		117			26.1928351022918
802.99	82	2404						1		82			18.3573716101533
805.374	113	2248						1		113			25.2973535603331
807.759	75	2340						1		75			16.7902789117255
810.143	50	2367						1		50			11.1935192744837
812.528	14	2263						1		14			3.13418539685543
814.913	-17	2245						1		-17			-3.80579655332446
817.298	30	2172						1		30			6.71611156469022
819.684	55	2092						1		55			12.3128712019321
822.069	-35	2230						1		-35			-7.83546349213858
824.455	20	2227						1		20			4.47740770979348
826.841	-19	2131						1		-19			-4.2535373243038
