Wavelength	I1	I1 dark	R1	R1dark	XCorrect	I1c	R1c	I1c/R1c	Abs	Percent T
nm	uA	uA	uA	uA		uA	uA	uA/uA	OD	T*100
	Abs Detector Raw	Dark Offset for Abs Detector	Ref Detector Raw	Dark Offset for Ref Detector	Linear interp	Dark subtracted Abs Detector	Corrected Ref Detector	Corrected Intensity 	-Log(T)	% Transmittance
800	0.159308651936066	0.00296882826191034	0.225750869535566	0.00110214999998293	1.34088253974915	0.156339823674156	0.301227545602266	0.519009054638658	6.34505504199839E-4	99.8540063829797
797	0.157504105053018		0.223696914084179		1.3260293006897	0.154535276791107	0.295167179355754	0.523551694088765	6.06418953040508E-4	99.8604643175499
794	0.173763459083508		0.247736592332847		1.31175875663757	0.170794630821597	0.32352488941856	0.527918056408427	6.48824383624763E-4	99.8507142068946
791	0.180590343821854		0.257677891121249		1.29830348491669	0.177621515559943	0.333113178842821	0.533216716843718	6.58189881552551E-4	99.8485609638468
788	0.16666347849054		0.238092429850021		1.28535497188568	0.163694650228629	0.304616634493826	0.537379222578035	6.65799313599869E-4	99.8468114961121
785	0.166646774236456		0.238627146568466		1.27193987369537	0.163677945974546	0.30211751413481	0.541769140538836	7.39672662174535E-4	99.8298290307033
782	0.173599404747615		0.249157951885273		1.25860202312469	0.170630576485705	0.312203534100645	0.546536338793329	7.53422811126564E-4	99.8266683797018
779	0.185078994240319		0.266308340458101		1.24614322185516	0.182110165978409	0.330484896633414	0.5510392996277	7.37534565411608E-4	99.8303205091093
776	0.2055173138608		0.296479912526873		1.23451888561249	0.20254848559889	0.364649426229406	0.555460864681202	7.37634797698158E-4	99.830297468936
773	0.236719700744789		0.342509090733452		1.22383856773376	0.233750872482878	0.417826981361615	0.559444178834815	7.35141886037533E-4	99.830870510587
770	0.321068869642975		0.466884748805807		1.21381187438965	0.318100041381065	0.565372449314579	0.562638030499556	7.82970073796482E-4	99.8198768947096
767	0.458082344055824		0.66642906136296		1.20520555973053	0.455113515793913	0.801855692613001	0.567575338039739	7.92465095442926E-4	99.8176945470846
764	0.44002182258258		0.638426506238036		1.19851565361023	0.43705299432067	0.763843217378369	0.572176311024538	7.44291056137032E-4	99.8287674214787
761	0.356618029275708		0.518014628972596		1.19181299209595	0.353649201013798	0.616063008216084	0.574047128779652	7.33148786101771E-4	99.8313286636754
758	0.359978267299391		0.523661408735189		1.18398952484131	0.35700943903748	0.618704688451323	0.577027208135612	8.12509804690733E-4	99.8130876027748
755	0.395833836919303		0.576378798966435		1.17633533477783	0.392865008657392	0.676718249451821	0.580544427426975	7.90698386491864E-4	99.8181006060618
752	0.436355724574768		0.635651986900978		1.16980671882629	0.433386896312858	0.742300662636913	0.583842798648886	8.26929807722176E-4	99.8097735354973
749	0.477388745956218		0.695739833645742		1.16390073299408	0.474419917694308	0.808489309160609	0.586798009966095	9.09697085089819E-4	99.7907537311464
746	0.546894452160421		0.797318352832139		1.15848278999329	0.54392562389851	0.922402768094857	0.589683425410726	9.0065098530589E-4	99.7928323357683
743	0.634974301661987		0.925101306423107		1.15345752239227	0.632005473400076	1.06579377766037	0.59299039518457	8.86124775103493E-4	99.796170245788
740	0.718365687437169		1.0457805246909		1.14841175079346	0.715396859175259	1.19972092129485	0.596302728807241	8.77657472484453E-4	99.7981159592298
737	0.872224950738394		1.26925347332187		1.14263534545898	0.869256122476484	1.44903452541817	0.599886412109904	8.75392457119809E-4	99.7986364467444
734	1.01387741355128		1.47291219138016		1.13635516166687	1.01090858528937	1.67249893751549	0.604430031382313	8.58387259809138E-4	99.8025442300595
731	1.04704870003983		1.52007192263703		1.12990951538086	1.04407987177792	1.7162983996785	0.608332369227578	7.62766980994022E-4	99.8245205575427
728	1.03205489638881		1.50044640025451		1.12338900566101	1.0290860681269	1.68434684643699	0.610970400962125	6.54036616374943E-4	99.8495158448123
725	1.0279290785342		1.49859654308417		1.11702907085419	1.02496025027229	1.67274477051618	0.612741566040587	5.62755045028083E-4	99.8705047797454
722	1.03402953047516		1.51178833014083		1.11090362071991	1.03106070221325	1.67822674729	0.614375086011591	5.38664606078661E-4	99.8760447788207
719	0.999772800265359		1.46448520044703		1.10438621044159	0.996803972003449	1.61614006150767	0.616780683645417	5.82198836773993E-4	99.8660335789622
716	0.882402220290013		1.29436371278452		1.09723365306854	0.879433392028102	1.41901010890721	0.619751322776241	6.69800626441125E-4	99.8458915754012
713	0.710979012051646		1.04489486154746		1.08915162086487	0.708010183789736	1.13684852362887	0.622783219641025	7.55633379684879E-4	99.8261602610358
710	0.543144521755483		0.801916330413865		1.07961905002594	0.540175693493573	0.864574244705737	0.624788092869254	8.17239549045338E-4	99.8120005804049
707	0.421720009606394		0.62824610375186		1.06877458095551	0.418751181344484	0.670275516369941	0.624744856581282	8.25761016919943E-4	99.8100421479415
704	0.344550274196975		0.520319767818366		1.05739140510559	0.341581445935065	0.549016246460557	0.622170014343292	8.134740805606E-4	99.8128659853031
701	0.306423944622148		0.46950025416645		1.04672133922577	0.303455116360238	0.490282290883936	0.618939582364141	8.16601691655289E-4	99.8121471764857
698	0.303949431005937		0.46995212733359		1.03894531726837	0.300980602744027	0.487109488452133	0.617891069419403	7.84744047932195E-4	99.8194691586559
695	0.335884034302405		0.520722034357286		1.03592443466187	0.332915206040495	0.538286934941903	0.618471644823455	8.13669833687556E-4	99.8128209958385
692	0.376187645591555		0.58306317577078		1.03646862506866	0.373218817329645	0.603184344224208	0.618747520394721	8.67404356271731E-4	99.8004720880829
689	0.403030191871016		0.624730075628702		1.0377025604248	0.400061363609106	0.647140295177331	0.61819881498722	9.3243220871437E-4	99.785529866156
686	0.415596782396974		0.644816671922951		1.03746140003204	0.412627954135064	0.66782896913516	0.617864712681479	9.7127604241971E-4	99.7766053245016
683	0.411797116274462		0.639510075264468		1.03570008277893	0.408828288012551	0.661199141043153	0.618313398543677	9.83835559215306E-4	99.7737198910395
680	0.408054342241566		0.634781992397618		1.0333856344223	0.405085513979655	0.654835645956705	0.618606388459247	0.00100468650182037	99.7689297630183
677	0.417972610329376		0.651343848410542		1.03072738647461	0.415003782067465	0.670221926379527	0.619203529059807	0.00101263289788483	99.7671042823576
674	0.429751494559653		0.67078490729282		1.0278697013855	0.426782666297743	0.688346615761606	0.620011279964729	0.00103446834153655	99.7620883212728
671	0.439313367995567		0.686833673708185		1.02485907077789	0.436344539733657	0.702778172190696	0.620885162630316	0.00105841573708694	99.7565875000013
668	0.448035580485129		0.701542972965816		1.02161717414856	0.445066752223218	0.715582374216645	0.621964386295061	0.00107603869448548	99.7525396235097
665	0.454566564650927		0.712834373982709		1.01794040203094	0.451597736389016	0.724500986219355	0.623322459152992	0.00108841513946501	99.7496969343244
662	0.461774562669		0.725254525300268		1.01405811309814	0.45880573440709	0.734332591292546	0.624792825277598	0.00110512043651973	99.7458600993198
659	0.47258043085092		0.743375622029618		1.01044762134552	0.469611602589009	0.750028464200225	0.626125040587318	0.00117464887957581	99.7298925484329
656	0.491099917776431		0.773657578085375		1.00736176967621	0.488131089514521	0.778242803209061	0.627222105365738	0.00118843842282577	99.7267260153746
653	0.51878790991433		0.818579355859978		1.00482106208801	0.51581908165242	0.821418314224981	0.627961505994789	0.00122253530487634	99.7188966804965
650	0.544958666035343		0.861000817787638		1.00265884399414	0.541989837773433	0.862185004196072	0.628623596021368	0.00123581695609522	99.715847110656
647	0.554614722210139		0.877174892735216		1.00098860263824	0.551645893948228	0.876938830559996	0.629058578231686	0.00127809813836012	99.7061396451984
644	0.559740468954794		0.886444185300717		0.999615073204041	0.556771640692883	0.885001243427758	0.629119614043042	0.00128029308426501	99.7056357266847
641	0.574935148459508		0.911929627093414		0.99827116727829	0.571966320197598	0.909252808747199	0.629050924775997	0.00131248903714206	99.6982444309238
638	0.598259588673926		0.950276217821536		0.996643483638763	0.595290760412015	0.945988149533249	0.629279299857755	0.00135250626420944	99.6890583517809
635	0.623718076426203		0.9919857498204		0.994565904140472	0.620749248164292	0.985499043353359	0.629883156509283	0.00138199147123344	99.6822904722229
632	0.647795632482337		1.03154425460618		0.992188215255737	0.644826804220427	1.02239251269359	0.630703762219043	0.001415012461777	99.6747115529068
629	0.670454779120311		1.06898174499614		0.989726662635803	0.667485950858401	1.05690890765242	0.63154539244163	0.00145506497236053	99.6655195448998
626	0.695614162564701		1.11043606795061		0.986993134021759	0.692645334302791	1.09490496035473	0.63260772339399	0.00149567033398225	99.6562015234945
623	0.719051943232767		1.14905165312346		0.984223663806915	0.716083114970857	1.12983906582952	0.633792136090741	0.00152077977067775	99.6504399058559
620	0.736080889087575		1.1774808070626		0.981929302215576	0.733112060825664	1.15512067387079	0.634662747718832	0.00156164583737584	99.6410634801781
617	0.747156574773299		1.19638069681862		0.980959832668304	0.744187746511388	1.17252024327922	0.63469074480974	0.00161435379733154	99.628971319859
614	0.756523493986359		1.21245974918357		0.981367647647858	0.753554665724448	1.18878715757115	0.633885267791804	0.00163537799772531	99.6241483970592
611	0.766268756703766		1.22916355496399		0.982362389564514	0.763299928441856	1.2064013363124	0.632708125784269	0.00167330229931149	99.6154492045788
608	0.778943689514448		1.25063338214871		0.982585072517395	0.775974861252537	1.22777073635361	0.632019348789113	0.00171980010076974	99.6047844330386
605	0.797009551258666		1.28065674689691		0.981410205364227	0.794040722996756	1.25576793971535	0.632314855224559	0.00176957212964872	99.5933699473673
602	0.819981966328006		1.3184338643607		0.979359269142151	0.817013138066096	1.29014102499409	0.633274287258508	0.00181512433554878	99.5829243627024
599	0.847351992768934		1.36313194401608		0.977581381797791	0.844383164507023	1.33149496808402	0.634161739057914	0.00184665210322704	99.5756953660735
596	0.878816580045551		1.41441452315687		0.976614892482758	0.875847751783641	1.38026191135517	0.634551851774072	0.00191788736636084	99.5593637766838
593	0.909917303493056		1.46502477441949		0.976398348808289	0.906948475231146	1.4293716332663	0.634508516975848	0.00194875615235627	99.552287547066
590	0.939008485932966		1.51247324957169		0.976394712924957	0.936039657671055	1.47569475088939	0.634304389242362	0.0019901931914795	99.5427894866096
587	0.965144968372475		1.55517501209637		0.976113736629486	0.962176140110564	1.51695186841539	0.634282576886013	0.00205002178820512	99.5290773731483
584	0.988842580887647		1.59393697361141		0.975447654724121	0.985873752625737	1.55372699305468	0.634521867118674	0.00212762337117359	99.5112946835808
581	1.01294964438995		1.63328112018272		0.974489092826843	1.00998081612804	1.59054060398442	0.634992161531725	0.00218209303052993	99.4988146575826
578	1.03696511518022		1.67250184756506		0.973618805408478	1.03399628691831	1.6273061769034	0.63540365150331	0.00223986913121619	99.4855787740842
575	1.06500241884016		1.71812696334955		0.972994327545166	1.06203359057825	1.67065540364342	0.635698773225246	0.00229430961680865	99.4731086553126
572	1.09308382009514		1.76364969510124		0.972547769546509	1.09011499183323	1.7141616837079	0.635946423370755	0.00233342674509445	99.4641494645265
569	1.12008514445014		1.80732826792476		0.972193658351898	1.11711631618823	1.75600157739603	0.636170451421119	0.00237916642583752	99.4536745009557
566	1.14785763091143		1.85232191642661		0.972323656082153	1.14488880264952	1.79998477150349	0.636054716003637	0.00244299903286661	99.4390578731459
563	1.17861889146967		1.90199093234143		0.972873628139496	1.17565006320776	1.84932456636619	0.635718621051924	0.00251912957599842	99.4216280270193
560	1.21193214969837		1.95559119579912		0.9736088514328	1.20896332143646	1.90290783501849	0.635324159787652	0.00257627157720177	99.408547554449
557	1.24616990346782		2.01054006520847		0.974480867385864	1.24320107520591	1.9581588025704	0.634882663027126	0.0026403408801283	99.3938833879925
554	1.28244249975843		2.06715792142754		0.975422322750092	1.27947367149651	2.0152769194971	0.634887274854414	0.0027329718785765	99.372685852145
551	1.31847197227071		2.12455316167672		0.976292371749878	1.3155031440088	2.07310902448456	0.634555697974386	0.0028055255954324	99.356085927893
548	1.35321586373344		2.1797101450989		0.976854741573334	1.35024703547153	2.12818355004195	0.634459859181278	0.00287064844867781	99.3411885092539
545	1.39219110283552		2.24152646443197		0.976897537708282	1.38922227457361	2.18866499619038	0.634734999185214	0.0029719699477136	99.3180147768883
542	1.42876492471086		2.29912033138934		0.976688385009766	1.42579609644895	2.24444766630425	0.635254774639808	0.00308560904410808	99.2920302584747
539	1.46497964014232		2.35585927159231		0.976733922958374	1.46201081188041	2.29997116098704	0.635664845142226	0.00317682601128806	99.2711776638547
536	1.5099222791229		2.42626470221919		0.977351248264313	1.50695345086099	2.37023564765531	0.635782122487147	0.00325585206592229	99.2531155052865
533	1.56049107042474		2.50531397192285		0.978485703468323	1.55752224216283	2.45033546620789	0.635636329654582	0.00337360258753918	99.2262085967557
530	1.6111622921461		2.58435510808163		0.97979062795639	1.60819346388419	2.53104703796902	0.63538663634424	0.00346520188306565	99.2052824907563
527	1.67067871646883		2.67695076444992		0.980956435203552	1.66770988820692	2.62489091797517	0.635344454425322	0.00357839329205291	99.1794297043366
524	1.7358818851536		2.77814378162369		0.981513798236847	1.73291305689169	2.72570467971684	0.63576698891375	0.00370503398429112	99.1505131026789
521	1.80242685437012		2.88115541207146		0.98179018497467	1.79945802610821	2.82760802490605	0.636388781704635	0.00383585800454698	99.1206501507393
518	1.87257442733202		2.989198288837		0.982168912887573	1.8696055990701	2.93481513628511	0.637043736061908	0.00394422692872423	99.0959197923966
515	1.95251980909265		3.11170404518343		0.983009278774261	1.94955098083074	3.05775052553813	0.637576860685074	0.0040910964737067	99.0624132373494
512	2.02447223556295		3.22109714533226		0.984047532081604	2.02150340730104	3.16862812847184	0.637974330006333	0.00422598828606196	99.0316492419462
509	2.103968877091		3.34511498175077		0.985204875469208	2.10100004882909	3.29453774547246	0.637722257611527	0.00438755819135906	98.9948135028381
506	2.19290918801491		3.47999588575283		0.986456871032715	2.189940359753	3.43177862922606	0.638135671427874	0.00453105546099385	98.9621095670398
503	2.28120381778906		3.61290503561237		0.987697958946228	2.27823498952715	3.56737033823545	0.638631477396328	0.00469473666546361	98.9248187750241
500	2.38295190331999		3.76572350668143		0.988681137561798	2.37998307505808	3.72201012541325	0.639434873862369	0.00487119012763178	98.8846338731388
497	2.59334078431526		4.08883950758759		0.988923311233521	2.59037195605335	4.04245876311849	0.640791188691073	0.00506438347205489	98.8406554082088
494	2.83424137905579		4.45646654103073		0.988562703132629	2.83127255079388	4.40440706583822	0.64282717479817	0.00526934789817217	98.7940187612929
491	2.89482951235861		4.53789019060772		0.98904812335968	2.8918606840967	4.48710169764372	0.644482982325826	0.00545140021712828	98.7526138810256
488	2.97997123809262		4.65878878509534		0.991359889507294	2.97700240983071	4.61744370792773	0.644729551270863	0.0056575929439051	98.7057396087718
485	3.2860776516644		5.12251092679708		0.992995142936707	3.28310882340249	5.08553404035294	0.645577985979747	0.00588363269172807	98.6543790316753
482	3.49117842232924		5.42340434844633		0.994394838809967	3.48820959406733	5.39190932060299	0.646934024045722	0.00610654186435319	98.6037559538674
479	3.60155988429052		5.57938938688555		0.99604320526123	3.59859105602861	5.55621509929531	0.647669500139585	0.00635123933556669	98.5482146226062
476	4.10511788276668		6.34954348048785		0.998053312301636	4.10214905450477	6.33608289784602	0.647426670490582	0.00666050510432529	98.4780623607413
473	4.80585768953697		7.40752995086972		1.00068914890289	4.80288886127506	7.41153193246306	0.648029166579996	0.00691839213065712	98.4196027740126
470	5.39690809855221		8.28174949815776		1.00380909442902	5.3939392702903	8.31218911584029	0.648919219127393	0.00718804144236708	98.3585139457642
467	5.55167809305096		8.49418463402766		1.00672602653503	5.54870926478905	8.55020718217948	0.648956118438134	0.00743787559408417	98.3019480666251
464	5.33273102849615		8.14746793131151		1.00893819332123	5.32976220023424	8.21917957353033	0.64845428336894	0.0077226095922528	98.2375200472957
461	5.02114078071776		7.67339991074486		1.01032972335815	5.01817195245585	7.75155047413476	0.647376543467066	0.00800185999594646	98.1743738399939
458	4.65645524140349		7.12945153889493		1.01095962524414	4.65348641314158	7.20647342680654	0.645736983616925	0.00831822632196335	98.1028837397247
455	4.30839643786262		6.62171727822842		1.01064646244049	4.30542760960071	6.69110125852407	0.643455754628709	0.00862795856706572	98.0329431924956
452	4.02373469827742		6.21560325153086		1.00919055938721	4.02076587001551	6.27161584296636	0.641105254322107	0.00900640587209577	97.9475537973715
449	3.62864733413345		5.63015978219049		1.00661778450012	3.62567850587154	5.66630952253911	0.63986594651237	0.00939173124159734	97.8606889145916
446	3.14555907678644		4.90241139642656		1.00299048423767	3.14259024852452	4.91596653447196	0.639261928755599	0.00987767896904943	97.7512503062624
443	2.91880414238977		4.56308841560469		0.999023199081421	2.91583531412786	4.55753011322992	0.639784102723439	0.0103902828936244	97.6359411857045
440	2.86150903641754		4.47950730509882		0.996054291725159	2.85854020815563	4.46073467482027	0.640822738077512	0.0109104370905468	97.5190726879316
437	2.84417633262937		4.45242185354689		0.99519157409668	2.84120750436746	4.42991586258041	0.641368277074334	0.0114569834770361	97.3964250935429
434	2.8773827436295		4.49879627474831		0.996780753135681	2.87441391536759	4.48321493704056	0.641150146877641	0.01202420807416	97.2693003238552
431	3.00196059835632		4.68270839803687		1.00035095214844	2.99899177009441	4.68324926780777	0.640365609131507	0.0126235790707583	97.1351512887339
428	3.16095655597296		4.9211361082658		1.00449895858765	3.15798772771105	4.94216898729387	0.638988212630955	0.0132855896374145	96.9871975078336
425	3.23860858935408		5.04506882383504		1.00724053382874	3.23563976109217	5.08048768516797	0.636875820118279	0.0139479010355168	96.8394020066437
422	3.43381474213853		5.37080887502368		1.00762593746185	3.43084591387662	5.41065577269722	0.634090590495343	0.0146075608297073	96.6924220840062
419	3.22597921928736		5.08398970624788		1.00603270530701	3.22301039102545	5.11355111898339	0.63028809452211	0.0153783482469552	96.5209642205969
416	2.96779888706704		4.7203809235211		1.00299537181854	2.96483005880513	4.73341476816317	0.626361771367788	0.0161489292620377	96.3498561824255
413	2.74737361206891		4.4147376849963		0.998497366905212	2.744404783807	4.4070034601731	0.622737152037363	0.0170443292059781	96.1514129926622
410	2.56704250561175		4.16490019331882		0.993889927864075	2.56407367734983	4.13835693691473	0.61958736678268	0.0179724403816997	95.9461515444382
407	2.42269147103229		3.96305862063901		0.989984571933746	2.41972264277038	3.92227578060571	0.616918028746237	0.0189545107291184	95.7294335844938
404	2.35061471106639		3.86870741496133		0.98790580034256	2.34764588280448	3.82082967469074	0.614433534777889	0.0200039521177545	95.4983895544953
401	2.35783573276605		3.89434509308154		0.988417327404022	2.35486690450414	3.84814878473525	0.611947987522047	0.0210325599235217	95.2724733672526
398	2.39583239277048		3.96175129398408		0.99182003736496	2.39286356450857	3.9282511819758	0.609142199329785	0.0220942810770799	95.0398449067505
395	2.39743478412149		3.96130033695463		0.998149752616882	2.39446595585958	3.95287084062261	0.605753654091678	0.0231949754010894	94.79927688127
392	2.37947912257215		3.92285964985237		1.00708770751953	2.37651029431024	3.94955376997387	0.601716151423851	0.0244334988741049	94.5293128897904
389	2.38766151877969		3.92322314594467		1.01841080188751	2.38469269051778	3.99433038857987	0.597019389616796	0.0257643472338018	94.2400814435192
386	2.42249810189244		3.96522423220262		1.03232741355896	2.41952927363053	4.09227189615221	0.591243528052355	0.0271852021787411	93.9322656841939
383	2.46415558097403		4.01985552348823		1.04808735847473	2.46118675271212	4.21200460758071	0.584326699995178	0.028659193775233	93.6140008121732
380	2.48419282576701		4.04265425386588		1.06401991844177	2.4812239975051	4.30029193993357	0.576989663065395	0.0301097941963059	93.3018394150607
377	2.47860555894364		4.02731851051896		1.07910001277924	2.47563673068173	4.34469012608799	0.569807433634126	0.0316740660170798	92.9663829121313
374	2.47210589344226		4.01377691023127		1.09262192249298	2.46913706518035	4.38433641086297	0.563172355812531	0.0333325319748157	92.6120437001106
371	2.47103828358325		4.01238699812745		1.10292184352875	2.46806945532134	4.42413367961568	0.557865027156173	0.0351559990732847	92.2240097956258
368	2.48357304671676		4.03665088108714		1.10681164264679	2.48060421845485	4.46659232003574	0.555368397363608	0.0370624148096913	91.8200627420836
365	2.50353947730104		4.07587121174097		1.10139167308807	2.50057064903913	4.48791671435842	0.557178487969468	0.0389100503647242	91.4302589186334
362	2.53748878990952		4.14066466973402		1.08866059780121	2.53451996164761	4.50657860736913	0.562404471876554	0.0409380389946597	91.004309966323
359	2.57686265449829		4.2161326125477		1.07323324680328	2.57389382623638	4.52371082869483	0.568978416991121	0.0429841185927375	90.5765722597676
356	2.61597736747676		4.29228027581765		1.05542421340942	2.61300853921485	4.52901329804083	0.57694874518147	0.0450656005678905	90.1434964768252
353	2.64619438273688		4.35609043791619		1.03646063804626	2.64322555447497	4.51377393957764	0.585591035319393	0.0472896297098512	89.683050140509
350	2.66758087801275		4.40721308663769		1.01822805404663	2.66461204975084	4.48642576492619	0.593927591665985	0.0496921410570715	89.188294442449
347	2.67409737334804		4.43470979307079		1.00210988521576	2.67112854508613	4.4429620462894	0.601204448126438	0.0520622392905941	88.7028881699468
344	2.67018073151798		4.44731507012003		0.988115131855011	2.66721190325607	4.39337026581987	0.607099275015995	0.0546359872625519	88.1787651576657
341	2.65574150183935		4.44509982842966		0.97557407617569	2.65277267357744	4.33544892966095	0.611879580780785	0.0573286222844332	87.6337462491073
338	2.62330224781858		4.41782058171249		0.964221119880676	2.62033341955667	4.25869319242346	0.615290489631525	0.0602836356879758	87.039495343007
335	2.57174980783903		4.36303879726342		0.954874098300934	2.56878097957712	4.16510032290148	0.616739281273221	0.0632946933279266	86.4381188290746
332	2.49300423564392		4.26789359744829		0.946872651576996	2.490035407382	4.04010813157143	0.616328901675582	0.066458403480534	85.8107299896847
329	2.39281147115169		4.14166260796245		0.938952207565308	2.38984264288978	3.88778838256148	0.614704919025254	0.069838451857797	85.1454702012763
326	2.28585049379588		4.00492342882133		0.931833863258362	2.28288166553397	3.73089625004013	0.611885593310029	0.0733703597425848	84.4558311464275
323	2.17966852522602		3.86911985514523		0.925504565238953	2.17669969696411	3.57986804453702	0.608039086883612	0.0772407823144545	83.7065066359156
320	2.07923173607657		3.7382031576703		0.919252157211304	2.07626290781466	3.43533816301747	0.604383850814542	0.0812949217086047	82.9287421822506
317	1.98912091490343		3.62128115496367		0.913403213024139	1.98615208664152	3.30668313485636	0.600647841247659	0.0855690920072575	82.116590297322
314	1.91401439542815		3.52697459039909		0.908680856227875	1.91104556716624	3.20389278809213	0.596476128748439	0.0897953977954134	81.3213542206114
311	1.83026183228624		3.41854364478744		0.905046582221985	1.82729300402433	3.09294374480098	0.590794128440223	0.0943890019573688	80.4657378568125
308	1.73508637002006		3.28983467923728		0.902658760547638	1.73211754175815	2.96860322861404	0.583478965818828	0.0992068905611777	79.5780163866526
305	1.63377193683114		3.150177246934		0.902248084545136	1.63080310856923	2.8412469742975	0.573974428594843	0.104240724047765	78.6609660851734
302	1.52102552981095		2.99009205592328		0.904157757759094	1.51805670154904	2.70251841130417	0.561719281985008	0.109757313920275	77.6681008889329
299	1.39492429862538		2.80395439675494		0.908673107624054	1.39195547036347	2.54687646126988	0.546534349636036	0.115868114901672	76.5829136037868
296	1.267004058658		2.60850820368824		0.919314444065094	1.26403523039609	2.39702604669838	0.52733479143339	0.122255012959639	75.4648975934638
293	1.13873202364809		2.40592172134344		0.935736358165741	1.13576319538618	2.25027710773463	0.504721481404379	0.128844348661558	74.3285484017705
290	1.00868337975856		2.18957203348723		0.954356729984283	1.00571455149665	2.08858096167398	0.481530077096261	0.134980768924499	73.285698419814
287	0.876264863136802		1.96499283760726		0.971447765827179	0.873296034874892	1.90781722080489	0.457746174712929	0.142092902034524	72.0953240089612
284	0.754489251440776		1.75504407868055		0.985033094882965	0.751520423178866	1.72769084625322	0.434985474865867	0.150032195376761	70.7893304471571
281	0.634740024624349		1.54554029045519		0.994289815425873	0.631771196362438	1.53561911360988	0.411411391511852	0.158097637786565	69.4868080263235
278	0.536193931878471		1.36776566470069		0.996792435646057	0.533225103616561	1.36227985352712	0.391421118234972	0.165924803560975	68.2456848722077
275	0.460664102163183		1.23117601558828		0.98714405298233	0.457695273901273	1.21426010114447	0.37693347040711	0.173665449568911	67.0400840996397
272	0.408459530533404		1.13973428102934		0.966205596923828	0.405490702271493	1.10015273783787	0.368576733325595	0.18120310980049	65.886568645656
269	0.371703931620213		1.07879202053067		0.940902948379517	0.368735103358303	1.01400157662106	0.36364352073991	0.188537618104431	64.7831978353825
266	0.342325166478816		1.03184580306689		0.90767240524292	0.339356338216905	0.935577570768112	0.362723892513042	0.195745362676692	63.7168998950523
263	0.314154564937327		0.984014151036335		0.867875158786774	0.311185736675417	0.85304490897285	0.364794084581215	0.202788560697051	62.6919010285639
260	0.284019506082521		0.925446018946143		0.826263844966888	0.281050677820611	0.763751919227024	0.367986869486437	0.20951540741108	61.7283392214429
257	0.251974663452387		0.855553059325519		0.783925712108612	0.249005835190477	0.669826037554872	0.371747022703755	0.215986601059673	60.8153763870994
254	0.220395903965533		0.781169914786314		0.74089515209198	0.217427075703622	0.577948425233419	0.376204979909425	0.222349131964687	59.9309094336197
251	0.191657550274824		0.709397672641461		0.698560178279877	0.188688722012913	0.494787046571269	0.381353399044036	0.228451126758218	59.0947463986491
248	0.162983458668819		0.634083842986346		0.660330295562744	0.160014630406908	0.417976988415491	0.382831196074951	0.235569727558115	58.1340088550405
245	0.137364274658639		0.562782792856211		0.629273355007172	0.134395446396729	0.353450662572724	0.380238207557685	0.24319589855463	57.1220916166185
242	0.113210007939969		0.490803278983671		0.604725062847137	0.110241179678059	0.296134546000975	0.372267204778249	0.25253227844306	55.9071973638242
239	0.0929114672953701		0.424342383863494		0.585129261016846	0.0899426390334597	0.247650245273153	0.363184130644631	0.262314406364703	54.662009541613
236	0.0736468955530421		0.354363020739797		0.573699116706848	0.0706780672911317	0.202665449510523	0.348742558052362	0.27458344607008	53.1393886784334
233	0.0578820150542068		0.290862245694461		0.570354223251343	0.0549131867922965	0.165265894309059	0.332271743192246	0.287233661113087	51.6138599293966
230	0.0431899659910567		0.226533405390594		0.571752786636353	0.0402211377291463	0.128890948464513	0.312055564865521	0.302782101261158	49.7986877458623
