Wavelength	I1	I1 dark	R1	R1dark	XCorrect	I1c	R1c	I1c/R1c	Abs	Percent T
nm	uA	uA	uA	uA		uA	uA	uA/uA	OD	T*100
	Abs Detector Raw	Dark Offset for Abs Detector	Ref Detector Raw	Dark Offset for Ref Detector	Linear interp	Dark subtracted Abs Detector	Corrected Ref Detector	Corrected Intensity 	-Log(T)	% Transmittance
800	0.158738285422232	0.00298693067596917	0.225994613736252	0.00110534739529486	1.34088253974915	0.155751354746262	0.301550090613585	0.516502430589042	0.00268715139629779	99.3831707760589
797	0.156772489302767		0.223690972540623		1.3260293006897	0.153785558626798	0.295155060855039	0.521033107754597	0.00265166847353313	99.3912909562169
794	0.172752981411154		0.247471482470625		1.31175875663757	0.169766050735184	0.32317293502402	0.525310235903778	0.00269075281832769	99.3823466365142
791	0.180063374753525		0.258126477926707		1.29830348491669	0.177076444077556	0.33369142946616	0.530659251155605	0.00274823670798903	99.3691931058571
788	0.166012073997903		0.238212788354789		1.28535497188568	0.163025143321934	0.304767228108377	0.534916908008107	0.00260595075179496	99.4017543232385
785	0.165752346520914		0.238390645257155		1.27193987369537	0.162765415844945	0.301812631792183	0.539292921169114	0.00253258645511033	99.4185474350304
782	0.172732177425641		0.248990262905841		1.25860202312469	0.169745246749672	0.311988456163667	0.544075408548528	0.00263208097521384	99.3957737915489
779	0.184052198361243		0.266016616597573		1.24614322185516	0.181065267685274	0.330117382509467	0.548487529826097	0.0027074687517969	99.3785214975981
776	0.204219552101459		0.29595181087493		1.23451888561249	0.20123262142549	0.363993527521662	0.552846702510429	0.00262453500081409	99.397500832789
773	0.234843127418547		0.341352218484657		1.22383856773376	0.231856196742578	0.416407243389899	0.556801545657747	0.0026884545613068	99.3828725625616
770	0.317264171629614		0.463563971536362		1.21381187438965	0.314277240953645	0.561337769396326	0.559871895475027	0.0027718964644749	99.3637797585335
767	0.454641291518304		0.664801544889971		1.20520555973053	0.451654360842335	0.799890347192595	0.564645344736967	0.00283366020559012	99.3496496172367
764	0.439940062939352		0.641350095398717		1.19851565361023	0.436953132263383	0.767343352623839	0.569436264443126	0.00272688439375487	99.3740787640554
761	0.355841482647952		0.519380382751319		1.19181299209595	0.352854551971983	0.617686920616295	0.57125145473361	0.00278171482207784	99.3615334069556
758	0.358306614474039		0.52376320652531		1.18398952484131	0.35531968379807	0.618821430285922	0.574187748530133	0.00283288890661458	99.3498260605355
755	0.393341701919495		0.575558364704577		1.17633533477783	0.390354771243526	0.67574938243065	0.577662046599927	0.00281717714744786	99.3534203700228
752	0.433862653906019		0.635123466700453		1.16980671882629	0.43087572323005	0.741678655820785	0.580946640230893	0.00286422298025191	99.3426582916683
749	0.474261614315882		0.694544511384893		1.16390073299408	0.471274683639912	0.807094351254295	0.583915229870597	0.00292353179792177	99.3290926269821
746	0.542520286833661		0.794926830319723		1.15848278999329	0.539533356157692	0.919628526294899	0.58668618983735	0.00295295783526501	99.3223627174569
743	0.630707051007651		0.923618438081864		1.15345752239227	0.627720120331682	1.06407966395777	0.589918350658937	0.00298854426805494	99.3142244980561
740	0.713469781695014		1.04411724833035		1.14841175079346	0.710482851019045	1.19780712325124	0.593152968643699	0.00301810255498812	99.3074653551908
737	0.86470954091735		1.26510073255477		1.14263534545898	0.861722610241381	1.44428580358026	0.596642719955597	0.0030421089238677	99.3019761172285
734	1.00767443963808		1.47161549338729		1.13635516166687	1.00468750896211	1.67102179468151	0.60124141537819	0.00297574407102158	99.3171516832471
731	1.04339579081371		1.52211840334174		1.12990951538086	1.04040886013774	1.71860712493241	0.605379114891458	0.00281776593943666	99.3532856723447
728	1.02808195847744		1.50115463511496		1.12338900566101	1.02509502780147	1.68513887777391	0.608314864324793	0.00259300166226975	99.4047181679539
725	1.02471191485077		1.49963468150776		1.11702907085419	1.0217249841748	1.67390082973139	0.610385613070492	0.00236694700536706	99.4564727943105
722	1.03110529891946		1.51278817144543		1.11090362071991	1.02811836824349	1.67933392261739	0.612217948078529	0.0022446183215992	99.4844908639442
719	0.997523825970146		1.46643544946268		1.10438621044159	0.994536895294177	1.61829035846819	0.614560230239257	0.00228505943772918	99.4752273878922
716	0.880217025901772		1.29608556672051		1.09723365306854	0.877230095225803	1.42089587670171	0.617378169371632	0.00240870697539401	99.4469099289732
713	0.710502838347494		1.04832144020809		1.08915162086487	0.707515907671525	1.14057710488283	0.620313966186625	0.00251108967658798	99.4234685921677
710	0.542587707487688		0.80433341200821		1.07961905002594	0.539600776811719	0.86718032007157	0.622247489157947	0.0025861184488613	99.406293664166
707	0.421171729579288		0.629981795883596		1.06877458095551	0.418184798903319	0.67212716270587	0.622181072432451	0.00261139228038281	99.4005088685487
704	0.343523842316311		0.52083984288953		1.05739140510559	0.340536911640342	0.549562788472494	0.619650600046742	0.00257816375560745	99.4081144421137
701	0.305247373887103		0.469475345414108		1.04672133922577	0.302260443211134	0.490252871579423	0.616539873060522	0.00255246187939652	99.4139976636659
698	0.302646059123938		0.469731709548826		1.03894531726837	0.299659128447969	0.486877164507923	0.615471725298163	0.00250813837030991	99.4241442399511
695	0.333942664070904		0.519782727110062		1.03592443466187	0.330955733394935	0.537310571352918	0.615948672965073	0.0025253360512825	99.4202072089025
692	0.374295309478511		0.582502219962475		1.03646862506866	0.371308378802542	0.602599617128927	0.616177588315825	0.0026296551605493	99.3963289825751
689	0.401351952436804		0.624638351385904		1.0377025604248	0.398365021760835	0.647041794750425	0.615671236375837	0.00264521750304684	99.392767316321
686	0.414148065056572		0.645141608139915		1.03746140003204	0.411161134380603	0.668162760743515	0.615360745221826	0.00262382158322055	99.3976641136665
683	0.410347980232889		0.6397931175607		1.03570008277893	0.40736104955692	0.661488976430201	0.615824396281385	0.00266972219737302	99.3871593227335
680	0.406286873071382		0.63451844503539		1.0333856344223	0.403299942395413	0.654559995756206	0.616139001787735	0.0026802852435627	99.3847420265641
677	0.416013276230759		0.650846716149345		1.03072738647461	0.41302634555479	0.669706222900297	0.616727650769164	0.0026664177006079	99.3879155510755
674	0.427860012938793		0.670461075201829		1.0278697013855	0.424873082262824	0.688010472061175	0.617538685116185	0.00265649566331922	99.3901862266425
671	0.437329608237869		0.686397020267547		1.02485907077789	0.4343426775619	0.702327387071684	0.618433348260656	0.00269599876509456	99.3811461806646
668	0.446082497912366		0.701195710699137		1.02161717414856	0.443095567236397	0.71522433860711	0.619519699370578	0.00269433559458408	99.3815267705984
665	0.452609096091854		0.712508931784303		1.01794040203094	0.449622165415885	0.724166450699202	0.620882346844103	0.00266762272367624	99.3876397829739
662	0.459787675469908		0.724909319613171		1.01405811309814	0.456800744793939	0.733979290320201	0.622361898786896	0.00269019212804067	99.3824749428933
659	0.470483166760179		0.742858581931586		1.01044762134552	0.46749623608421	0.749502791462541	0.62374182112379	0.0027321389637262	99.3728764349606
656	0.48862788501043		0.772671290247519		1.00736176967621	0.485640954334461	0.777246033613509	0.624822685908937	0.00270005233259038	99.3802185927706
653	0.516094592969526		0.81734893807925		1.00482106208801	0.513107662293557	0.820178751713585	0.625604676080099	0.00271458114587779	99.3768939995528
650	0.54264074978484		0.860513787455111		1.00265884399414	0.53965381910887	0.861693473029183	0.626271215925287	0.00276233801713058	99.3659666937771
647	0.552316588979575		0.876816957861158		1.00098860263824	0.549329658303606	0.876577341274312	0.626675630817728	0.00280656579446992	99.355847955767
644	0.557373531708392		0.886006811034887		0.999615073204041	0.554386601032423	0.884560841354453	0.626736539889712	0.00280499744526016	99.3562067559671
641	0.572412974397321		0.911278263875802		0.99827116727829	0.569426043721352	0.908599379760081	0.626707497722166	0.00283546060495704	99.3492377568909
638	0.595805255797991		0.949892544117014		0.996643483638763	0.592818325122021	0.945602576972591	0.626921224157371	0.00288286744124099	99.3383935573989
635	0.621094494588541		0.99145861847485		0.994565904140472	0.618107563912572	0.984971596469712	0.62753846519835	0.0028808354542499	99.3388583452423
632	0.644593688220229		1.03019966385228		0.992188215255737	0.64160675754426	1.02105525317527	0.628376138851441	0.0029082298989049	99.3325924423952
629	0.667696216509264		1.06841718902916		0.989726662635803	0.664709285833294	1.05634698701195	0.629252787205396	0.00293876124558199	99.3256095049136
626	0.69258652433217		1.10961638381082		0.986993134021759	0.689599593656201	1.09409278192947	0.630293522675536	0.00298161280704454	99.3158095934166
623	0.715926385078753		1.14818715025826		0.984223663806915	0.712939454402783	1.12898505470003	0.631487061263366	0.00298830506292411	99.3142791993696
620	0.733284671447381		1.17712393084332		0.981929302215576	0.730297740771411	1.15476710703767	0.632419936730661	0.00299969453519777	99.3116746937992
617	0.744357805558408		1.19598761057751		0.980959832668304	0.741370874882439	1.17213150494956	0.632498036058117	0.00302196878159085	99.3065812927138
614	0.753292897990967		1.21141033634597		0.981367647647858	0.750305967314998	1.18775415994299	0.631701401366603	0.00302805750973254	99.3051890426097
611	0.763002483828634		1.22805978787856		0.982362389564514	0.760015553152665	1.20531389603993	0.630554045423107	0.00306043021624998	99.2977870191873
608	0.77604148859831		1.25010385334223		0.982585072517395	0.773054557922341	1.22724728753999	0.629909363639274	0.00310498207702603	99.2876011327369
605	0.793539346499583		1.27926737190246		0.981410205364227	0.790552415823614	1.25440125496033	0.630222915273321	0.00312081528783213	99.2839814393519
602	0.816336162814742		1.3167898897579		0.979359269142151	0.813349232138773	1.28852785182986	0.631223633221213	0.00312526404696308	99.2829644145562
599	0.843700901169753		1.3614778046184		0.977581381797791	0.840713970493784	1.32987478649182	0.632175283743495	0.00313886003128717	99.2798563195765
596	0.875129198163313		1.41272751266557		0.976614892482758	0.872142267487343	1.3786112291617	0.632623794902403	0.00315089359907575	99.2771054802737
593	0.906258226054064		1.4635100307732		0.976398348808289	0.903271295378095	1.42788951813969	0.632591866459606	0.00317240894932686	99.2721873224869
590	0.935591990585289		1.51129522589476		0.976394712924957	0.93260505990932	1.47454141287966	0.632471256326412	0.00317632120911722	99.2712930517705
587	0.962554386717787		1.555253268932		0.976113736629486	0.959567456041818	1.51702513496614	0.632532338406664	0.00318652763683075	99.2689600878184
584	0.985358884612505		1.59245431126382		0.975447654724121	0.982371953936536	1.55227761465321	0.63285841698877	0.00318812463366404	99.2685950545747
581	1.00984425560842		1.63237375812579		0.974489092826843	1.00685732493245	1.58965327372985	0.633381720134497	0.0032186122425578	99.2616266126517
578	1.03427118818903		1.67215254580864		0.973618805408478	1.03128425751306	1.62696297710039	0.633870759217302	0.00323287701844523	99.2583663326731
575	1.06156553134169		1.71652968308249		0.972994327545166	1.05857860066572	1.66909814795658	0.634221901187599	0.00324568587877991	99.2554389001228
572	1.08948484672085		1.76185195340921		0.972547769546509	1.08649791604488	1.71241018441541	0.634484614686985	0.00326827049194578	99.2502774543747
569	1.11663157879011		1.80572401256007		0.972193658351898	1.11364464811414	1.75443882201667	0.634758325077445	0.00331042175083143	99.2406450015104
566	1.14495261780048		1.85156110222067		0.972323656082153	1.14196568712451	1.79924190495007	0.634692691395605	0.00334330668634113	99.2331307484117
563	1.17591501727393		1.90158019503838		0.972873628139496	1.17292808659796	1.84892186021438	0.634384887667433	0.00339662075788458	99.2209496184798
560	1.20879551366354		1.95453083813735		0.9736088514328	1.20580858298757	1.90187234840092	0.634011312063824	0.00344800001842145	99.209211966514
557	1.24349381644238		2.01021734426249		0.974480867385864	1.24050688576641	1.95784120138249	0.633609551627808	0.00350350968545205	99.1965322788321
554	1.27997313758568		2.06705940946505		0.975422322750092	1.27698620690971	2.01517770991906	0.633684166227202	0.0035510752860288	99.1856684883546
551	1.31446941735506		2.12194769293713		0.976292371749878	1.31148248667909	2.07056220363661	0.63339439132796	0.00359655037976577	99.1752832736642
548	1.3495710944609		2.17763783797828		0.976854741573334	1.34658416378493	2.1261560836144	0.633342102286194	0.00364988616548557	99.163104286633
545	1.38850407648306		2.23915740438285		0.976897537708282	1.38551714580709	2.1863475437341	0.633713130274223	0.00369979302308682	99.1517096344096
542	1.42556918619824		2.29735112363274		0.976688385009766	1.42258225552227	2.24271657877884	0.634312096759396	0.00374318033672986	99.141804577765
539	1.46175322047748		2.3540015225763		0.976733922958374	1.45876628980151	2.29815351149829	0.634755808305626	0.0038215942657635	99.1239056705272
536	1.50538958626992		2.42226033944222		0.977351248264313	1.50240265559395	2.36631885371843	0.634911332102633	0.00389348870986499	99.107497752497
533	1.55661358020586		2.50231638770632		0.978485703468323	1.55362664952989	2.44739924430146	0.634807195085707	0.00397348991563882	99.0892428829936
530	1.60702890959425		2.5808414105859		0.97979062795639	1.60404197891829	2.52760121731527	0.634610383920467	0.00402893327496561	99.0765936551949
527	1.6663931867008		2.67314284332255		0.980956435203552	1.66340625602483	2.62115237673503	0.634608758647143	0.00412430915325082	99.0548377269073
524	1.7321408878541		2.77510264271983		0.981513798236847	1.72915395717813	2.72271662163273	0.635084071342397	0.00421339509964899	99.0345208927573
521	1.79793843519861		2.87679070749905		0.98179018497467	1.79495150452264	2.82331966162522	0.635759219517278	0.00430469331500967	99.0137038548238
518	1.86828562485892		2.98504574246688		0.982168912887573	1.86529869418295	2.93073349394877	0.636461383484483	0.00439896777445834	98.9922127911976
515	1.94910672316879		3.1089563462198		0.983009278774261	1.94611979249282	3.05504636889235	0.637018086634938	0.00452123913865644	98.9643464247159
512	2.02242130417466		3.22044586970009		0.984047532081604	2.01943437349869	3.16798409590434	0.637450919059056	0.00463976967514146	98.9373401030755
509	2.10037569839442		3.34191098274013		0.985204875469208	2.09738876771845	3.29137799993674	0.637237281089794	0.00475857621698996	98.910278291117
506	2.19050068826868		3.47875508009372		0.986456871032715	2.18751375759271	3.43055147386545	0.637656590859393	0.00489173417761983	98.8799563032007
503	2.27667195989701		3.6082836916367		0.987697958946228	2.27368502922104	3.56280268816227	0.638173154178749	0.00502571327753142	98.8494567117074
500	2.37777901027425		3.76005786461422		0.988681137561798	2.37479207959829	3.71640545076479	0.639002420769128	0.00516802257648275	98.8170711001932
497	2.58713010929125		4.08180548417819		0.988923311233521	2.58414317861528	4.03549949141842	0.640352745455801	0.00536153010636065	98.7730512272032
494	2.82918131315804		4.45160008353064		0.988562703132629	2.82619438248207	4.3995931066315	0.642376309350552	0.00555454285926479	98.7291634423947
491	2.89094743839952		4.53495662372491		0.98904812335968	2.88796050772355	4.4841970964457	0.644030680545382	0.00573617378962654	98.6878814983299
488	2.97328741975995		4.65175742159804		0.991359889507294	2.97030048908399	4.6104699264185	0.644251136324268	0.00594994366047169	98.6393169751343
485	3.27954352327254		5.1161258132972		0.992995142936707	3.27655659259657	5.07919047866245	0.645094253968483	0.00617045367029973	98.5892462589555
482	3.49001619577138		5.42559658964851		0.994394838809967	3.48702926509541	5.39408609446646	0.646454135886446	0.00637738099215874	98.5422828501389
479	3.59391413603005		5.57150755097954		0.99604320526123	3.59092720535408	5.54836126545227	0.647205009470732	0.00662544403895144	98.486012922634
476	4.08375041459034		6.32096626380516		0.998053312301636	4.08076348391437	6.30755812090852	0.64696407162501	0.0069058961361181	98.4224346509153
473	4.7873437247672		7.38338844217712		1.00068914890289	4.78435679409123	7.38737058707744	0.647640014494521	0.00710420976507434	98.3775018800191
470	5.38234673142289		8.26277503046014		1.00380909442902	5.37935980074692	8.29313916302898	0.648651818689868	0.00730689252958652	98.3316003712656
467	5.54867112528954		8.49116411646161		1.00672602653503	5.54568419461357	8.54716312963105	0.648833315862191	0.00749469691386528	98.289087481761
464	5.33584357731183		8.15181674965351		1.00893819332123	5.33285664663587	8.22356403647714	0.648484844646554	0.0077044003442104	98.2416390700925
461	5.0235315985793		7.67442571152201		1.01032972335815	5.02054466790333	7.75258364072663	0.647596324085936	0.00789814864488664	98.1978210934118
458	4.66456927091208		7.13675898027198		1.01095962524414	4.66158234023611	7.21385772256501	0.646198264439656	0.00808845709224274	98.154800097944
455	4.31294619004171		6.62144732705763		1.01064646244049	4.30995925936574	6.69082520189201	0.644159596061033	0.00828410128294904	98.1105925557577
452	4.03113701270096		6.21803552202896		1.00919055938721	4.028150082025	6.27406724060975	0.642031704083796	0.00850430225933784	98.0608600053016
449	3.63967694712649		5.63751559270797		1.00661778450012	3.63669001645052	5.67371079367044	0.640972046109152	0.00878118456881377	97.9983617114869
446	3.1553797823136		4.90772604850493		1.00299048423767	3.15239285163763	4.92129387297653	0.640561797975088	0.00913263274417991	97.9190896623137
443	2.92419521048346		4.56119073861032		0.999023199081421	2.92120827980749	4.55563109561609	0.641230209052395	0.00953130613594109	97.829243199182
440	2.86754115431336		4.4779156742458		0.996054291725159	2.86455422363739	4.45914613929896	0.64239971827605	0.00994835778421097	97.7353431725636
437	2.85018808919715		4.44998212089062		0.99519157409668	2.84720115852118	4.42748467917697	0.643074197842384	0.0104025734480491	97.6331781230383
434	2.88175439156125		4.49252099279096		0.996780753135681	2.87876746088528	4.47695666966287	0.643018834734905	0.0108733785880935	97.5273943800958
431	3.00338134297955		4.67025897669989		1.00035095214844	3.00039441230358	4.67079227880219	0.642373762995305	0.0113909100863615	97.411244074376
428	3.16342006304319		4.90814218497787		1.00449895858765	3.16043313236722	4.92911339310292	0.641176795970949	0.0119489733153146	97.2861521756794
425	3.24431726242697		5.03545181825823		1.00724053382874	3.241330331751	5.0707978267908	0.639215058945147	0.0125366866697791	97.1545877570273
422	3.44725553676256		5.3694798564743		1.00762593746185	3.44426860608659	5.40931339735705	0.636729350488258	0.0130853728735931	97.0319204790588
419	3.2408559721576		5.08519191937784		1.00603270530701	3.23786904148163	5.11475736802663	0.633044504070164	0.0137875140790472	96.8751718493035
416	2.97611787385021		4.71298289864832		1.00299537181854	2.97313094317424	4.72599137648247	0.629102066916407	0.0145659458736771	96.7016877870119
413	2.75611288449493		4.40934248848465		0.998497366905212	2.75312595381896	4.40161317807148	0.625481123042532	0.0154310208706132	96.5092585592424
410	2.57760661567695		4.16366033126323		0.993889927864075	2.57461968500099	4.13712147264674	0.622321510746906	0.01636504632439	96.301921731062
407	2.4306998340374		3.95911217290087		0.989984571933746	2.42771290336143	3.91836569285898	0.619572825422041	0.0173679791014849	96.0797846313345
404	2.35398758947088		3.85833666182894		0.98790580034256	2.35100065879491	3.81058118879196	0.616966426462688	0.0184912695683156	95.8315980719018
401	2.3610865298722		3.88456802647022		0.988417327404022	2.35809959919624	3.8384818023245	0.614331321765866	0.0196052714635046	95.5860969580248
398	2.39902787737685		3.95269245124684		0.99182003736496	2.39604094670088	3.91926326899293	0.611349833438607	0.0207700336970234	95.330081937205
395	2.40098427507411		3.95402837775517		0.998149752616882	2.39799734439814	3.94560914486729	0.607763530636991	0.0219951709153283	95.0615363849437
392	2.3831325393056		3.91731885519678		1.00708770751953	2.38014560862963	3.94397048372882	0.603489711307202	0.0234077367237741	94.7528459901883
389	2.38963946432842		3.9168551332748		1.01841080188751	2.38665253365246	3.9878418794284	0.598482238216162	0.0249436326914023	94.4183414394196
386	2.42235800789886		3.95729646612102		1.03232741355896	2.41937107722289	4.08408454513905	0.592390057180003	0.0265941571664981	94.060188084339
383	2.46297777702366		4.01220543318677		1.04808735847473	2.45999084634769	4.20398329349495	0.585157141360235	0.0283011269293713	93.6912154522351
380	2.48213913314827		4.03566417454811		1.06401991844177	2.4791522024723	4.29285095421567	0.577507169224619	0.0299989146266215	93.3256633155981
377	2.47592334337818		4.02173146098074		1.07910001277924	2.47293641270221	4.33865769055058	0.569977303830208	0.0318423331363644	92.9303701235399
374	2.46600005484362		4.00500588365499		1.09262192249298	2.46301312416765	4.37474950139874	0.563006664354186	0.0337660376925195	92.5196459807229
371	2.46495438101967		4.00652224351221		1.10292184352875	2.4619674503437	4.41766178716646	0.557301026868069	0.0359108685251191	92.0638497587217
368	2.47327669299813		4.02672417824594		1.10681164264679	2.47028976232216	4.45560179084365	0.55442337046337	0.0381383942602293	91.5928569636966
365	2.49001404034336		4.0635485543195		1.10139167308807	2.48702710966739	4.47434112049953	0.555842087737319	0.0403087815258277	91.1362633998717
362	2.52262459563298		4.12915350156712		1.08866059780121	2.51963766495701	4.49404337127288	0.5606616262458	0.0426212291170121	90.652288214123
359	2.55964377395186		4.20393354521363		1.07323324680328	2.55665684327589	4.51061495250096	0.566808931863784	0.0449802356230709	90.1612168284458
356	2.59580623108275		4.27858365722003		1.05542421340942	2.59281930040678	4.51455418052264	0.574324550493403	0.0473680128383188	89.6668652613461
353	2.62446286548973		4.34330720554539		1.03646063804626	2.62147593481376	4.50052130842392	0.582482729257823	0.0499201865273352	89.1414744887332
350	2.64305298748576		4.39379921217957		1.01822805404663	2.64006605680979	4.47276412596187	0.590253807815551	0.0526864990713549	88.5754772321197
347	2.64726637125798		4.42162677798635		1.00210988521576	2.64427944058201	4.4298482234034	0.596923259494982	0.0554690276196961	88.0097874985611
344	2.63994558149231		4.43305667296021		0.988115131855011	2.63695865081634	4.37927816843557	0.602144588535777	0.0585036799450237	87.3969587077066
341	2.62393735767933		4.43305797911255		0.97557407617569	2.62095042700336	4.32369809434197	0.60618257098782	0.0617017847065769	86.7557393516402
338	2.58748982120387		4.40405911570303		0.964221119880676	2.5845028905279	4.24542101326053	0.608774225796507	0.0652333512941191	86.0531254852347
335	2.53324775354952		4.34965089448489		0.954874098300934	2.53026082287355	4.15231350819772	0.609361701104257	0.0688739983467916	85.3347659459707
332	2.45342368404426		4.25683044807843		0.946872651576996	2.45043675336829	4.02962971046662	0.608104696817052	0.0726649686884264	84.59311770542
329	2.34941714881532		4.12816538267459		0.938952207565308	2.34643021813935	3.87511213088005	0.605512857148334	0.0767677588488245	83.7977274881273
326	2.24136870930565		3.99332672354541		0.931833863258362	2.23838177862968	3.72008706792057	0.601701448853689	0.081066280200138	82.9724128838772
323	2.13384233400288		3.85879901656342		0.925504565238953	2.13085540332691	3.57031310210851	0.596825920412555	0.0857328019162416	82.0856417897174
320	2.02944613080675		3.7241711386834		0.919252157211304	2.02645920013078	3.4224362600812	0.592110136211186	0.0906170999375077	81.167636504317
317	1.93770862751121		3.60688531883955		0.913403213024139	1.93472169683524	3.29353101137527	0.587430842507039	0.0956451203529198	80.2333414790165
314	1.86291820056396		3.51484758971513		0.908680856227875	1.85993126988799	3.19287030931524	0.58252640718341	0.100508463970341	79.3398794067883
311	1.7786628761936		3.40587451153728		0.905046582221985	1.77567594551763	3.08147469526151	0.576242260969446	0.105674107260138	78.4017745679472
308	1.68509419126474		3.27881705476959		0.902658760547638	1.68210726058877	2.95865518721096	0.568537782929158	0.110938981411327	77.4570617711113
305	1.58541791969037		3.13895653530891		0.902248084545136	1.5824309890144	2.83112022388274	0.558941642839943	0.116266108142117	76.5127641508668
302	1.47546644796175		2.97964150054511		0.904157757759094	1.47247951728578	2.69306656963634	0.546766847090831	0.121976858011978	75.5132464881417
299	1.35372145821384		2.79514049176086		0.908673107624054	1.35073452753787	2.53886459744148	0.532023066097761	0.128090917862945	74.4576083477959
296	1.22934647396961		2.59894262023037		0.919314444065094	1.22635954329364	2.38822932824796	0.513501584118522	0.134332814106196	73.395120171055
293	1.10674215561186		2.39942254656472		0.935736358165741	1.10375522493589	2.24419260167706	0.491827316475004	0.140662307680066	72.3332022875484
290	0.980996832627982		2.18357528790572		0.954356729984283	0.978009901952013	2.08285487571453	0.469552590223793	0.14655161193123	71.3589396503166
287	0.852091628980464		1.95890200511207		0.971447765827179	0.849104698304495	1.90189718908288	0.446451418708887	0.153579167306826	70.2135340196872
284	0.734266326716896		1.75132052644933		0.985033094882965	0.731279396040926	1.72401987453474	0.424171093873425	0.161688029743557	68.9147159218324
281	0.616813884864435		1.54213241449224		0.994289815425873	0.613826954188466	1.5322275181101	0.400610840709598	0.170380664883245	67.5490639315035
278	0.519671762755037		1.36431668644299		0.996792435646057	0.516684832079068	1.35883875094968	0.380239989268751	0.179253395461804	66.1830236503298
275	0.444984314323005		1.22730211118481		0.98714405298233	0.441997383647035	1.210432843161	0.365156469559085	0.18823950778504	64.8276818673442
272	0.392899680436886		1.13553359928343		0.966205596923828	0.389912749760917	1.09609092628283	0.355730296101644	0.197414237377971	63.4725231437632
269	0.355873541973996		1.07444108640499		0.940902948379517	0.352886611298026	1.00990476143533	0.349425633756282	0.206620070867573	62.1412420002509
266	0.326785449057389		1.02848560563159		0.90767240524292	0.32379851838142	0.932524710092426	0.347227815924928	0.215472580594815	60.887398611976
263	0.29873227923235		0.979692023368059		0.867875158786774	0.295745348556381	0.849291066796483	0.348226138386136	0.223751327297046	59.7377240944213
260	0.270029469898799		0.921932870461646		0.826263844966888	0.26704253922283	0.760846489760139	0.350980838864113	0.230869572149669	58.7665814547466
257	0.239964597582409		0.852614726512553		0.783925712108612	0.236977666906439	0.667520096391659	0.355012033626319	0.236862267227961	57.9612486413092
254	0.210331984251718		0.777808989811951		0.74089515209198	0.207345053575749	0.575455963278683	0.360314371223807	0.241966033198787	57.2840831945993
251	0.183710506468077		0.706464180831894		0.698560178279877	0.180723575792108	0.492735592436756	0.366775971872388	0.246346406268	56.7092095348455
248	0.156744663985496		0.630439341963311		0.660330295562744	0.153757733309526	0.41556830264078	0.369993891094325	0.251217432150115	56.0767154284917
245	0.132820998080724		0.559902866109906		0.629273355007172	0.129834067404755	0.351636389371226	0.369228189485495	0.256765582267835	55.3648869843252
242	0.109983671740703		0.488154312624627		0.604725062847137	0.106996741064734	0.294530716107941	0.363278718357921	0.263898925201643	54.4629391502312
239	0.0906768073464136		0.42259413435876		0.585129261016846	0.0876898766704444	0.246625422442819	0.355558951716648	0.272380016539624	53.40968092549
236	0.0717871955291926		0.352158451351633		0.573699116706848	0.0688002648532234	0.201398855656949	0.341611994908322	0.284281207588665	51.965940582064
233	0.0564702795251799		0.289535657259821		0.570354223251343	0.0534833488492107	0.164507445344926	0.325112026006308	0.29732645420709	50.4282091964053
230	0.041990734085143		0.225558944716387		0.571752786636353	0.0390038034091738	0.128331969738888	0.303928970221008	0.314948699671165	48.4229563034995
