wavelength	S-Sdark	Sdark	I	Idark	Wavelength	R	Rdark	Mcorrect	XCorrect	Sc	Ic	Rc	Sc/Rc
nm	counts	counts			nm	uA	uA			counts*Mcorrect		uA*Xcorrect	counts/uA
	Raw CCD Data	Dark Offset CCD				Linear interp of B	Dark Offset Ref	interpolated	Linear interp of B	Dark Corrected CCD		Dark Corrected Ref	Fully Corrected Emission Spectrum
247.111	-35	2130	2.99072268140904	0.00298586707543326	350.0268	4.40446817771311	0.00110418308770521	1	1.01838652935028	-35	2.9877368143336	4.48432657595256	-7.80496232983775
249.35	14	2163						1		14			3.1219849319351
251.589	42	2060						1.29494841659069		54.387833496809			12.1284283326881
253.829	61	2135						1.27219349586964		77.6038032480478			17.3055646000901
256.071	-6	2106						1.28453522515297		-7.70721135091782			-1.71869983605747
258.313	15	2112						1.29313672626018		19.3970508939028			4.32552147248162
260.556	36	2131						1.29762124967575		46.714364988327			10.4172531141767
262.8	52	2124						1.31889138221741		68.5823518753052			15.2937906536695
265.045	17	2207						1.3311848205328		22.6301419490576			5.04649729803644
267.291	39	1929						1.32715850269794		51.7591816052198			11.5422417900563
269.538	38	1997						1.31771089458466		50.0730139942169			11.1662282276086
271.785	45	2326						1.29463942229748		58.2587740033865			12.9916438993989
274.034	80	2128						1.26719487547874		101.3755900383			22.6066474689715
276.284	45	2199						1.2437932677269		55.9706970477104			12.4814052009183
278.534	63	2286						1.21757123494148		76.7069878013134			17.1055757207021
280.785	72	2167						1.19404349088669		85.9711313438415			19.1714697597776
283.038	39	2064						1.17445929145813		45.8039123668671			10.2142231595025
285.291	104	2065						1.14899238502979		119.495208043098			26.6473027820717
287.545	66	2199						1.13256092429161		74.7490210032463			16.6689512320739
289.8	74	2245						1.11338102817535		82.3901960849762			18.3729250511767
292.056	136	2167						1.09960613632202		149.546434539795			33.3486939469899
294.313	93	2377						1.07985373020172		100.42639690876			22.3949784226916
296.571	189	2222						1.06108229291439		200.54455336082			44.7212195552953
298.83	155	2075						1.05125370264053		162.944323909283			36.3364088563666
301.089	128	2279						1.04446094954014		133.691001541138			29.8129494533389
303.35	180	2283						1.03635212182999		186.543381929398			41.5989733954138
305.611	177	2055						1.03346272468567		182.922902269363			40.7916103279135
307.873	310	2284						1.02613383507729		318.101488873959			70.9362896493299
310.137	517	2327						1.01664032948017		525.603050341248			117.208914524607
312.401	721	2238						1.01285588526726		730.269093277693			162.849221819347
314.665	1023	2119						1.00820509791374		1031.39381516576			229.999710702754
316.931	1429	2227						1.00141552519798		1431.02278550792			319.116540972251
319.198	1843	2185						0.993354327201844		1830.752025033			408.25573116162
321.465	2182	2123						0.987558677196503		2154.85303364277			480.529907254812
323.734	2294	2205						0.992933319211006		2277.78903427005			507.944503079864
326.003	2329	2111						0.994872973501682		2317.05915528542			516.701697800239
328.273	2363	2174						0.999318111121654		2361.38869658047			526.587137797578
330.544	2334	2062						0.999052738189697		2331.78909093475			519.986457596353
332.816	2488	2259						0.998519322395325		2484.31607411957			553.999810683246
335.089	2544	2175						0.99640989369154		2534.86676955128			565.272561357292
337.363	2666	2094						0.994218846678734		2650.5874452455			591.078147488058
339.637	2867	1972						0.990875213265419		2840.83923643196			633.50409215647
341.912	3916	2313						0.986315049171448		3862.40973255539			861.313213285529
344.189	12712	2298						0.984911090433598		12520.1897815919			2791.98884593555
346.466	40697	2154						0.98432514500618		40059.0804263165			8933.13181986689
348.743	63202	2333						0.988183764457703		62455.1902812557			13927.4402128014
351.022	63355	2180						0.991214072942734		62798.3675912869			14003.9683835799
353.302	63380	2155						0.99419793343544		63012.2650211382			14051.667280221
355.582	34791	2153						0.996427663207054		34666.7148306366			7730.64009578133
357.863	9503	2288						0.996545427083969		9470.17119357896			2111.83798351424
360.145	2776	2203						0.99848480463028		2771.79381765366			618.107038081827
362.428	1842	2097						0.997389421701431		1837.19131477404			409.691685843327
364.712	1471	2159						0.992847330093384		1460.47842256737			325.68511633369
366.996	1317	2187						0.986479816913605		1299.19391887522			289.718845599296
369.282	1243	2300						0.981532182693482		1220.044503088			272.068611066498
371.568	1104	2259						0.973430332660675		1074.66708725739			239.649603804581
373.855	1044	1999						0.972961461246014		1015.77176554084			226.516010450258
376.143	926	2058						0.953890403747559		883.302513870239			196.975509903092
378.431	838	2223						0.937673596262932		785.770473668337			175.225969910861
380.721	770	2261						0.925762141942978		712.836849296093			158.961850173607
383.011	721	2242						0.919697756826877		663.102082672179			147.871050745523
385.302	901	2074						0.907902641057968		818.020279593229			182.417641921957
387.594	1500	2288						0.889364968657494		1334.04745298624			297.491146193531
389.886	3313	2110						0.86468685734272		2864.70755837643			638.826702260843
392.18	6701	2234						0.85177805185318		5707.76472546816			1272.8253905673
394.474	10798	2061						0.828343472361565		8944.45281456018			1994.60335081867
396.769	13998	2177						0.811414574325085		11358.1812114025			2532.86218544193
399.064	14089	2384						0.777925970554352		10960.1989991403			2444.11258045186
401.361	11314	2260						0.769095464766026		8701.54608836281			1940.43541231482
403.658	7163	2444						0.762151235699654		5459.28930131662			1217.41563841321
405.956	3649	2186						0.759270443201065		2770.57784724069			617.835877988472
408.255	1631	2239						0.751909650266171		1226.36463958412			273.477994702832
410.555	695	2232						0.739757430553436		514.131414234638			114.650752019645
412.855	472	2132						0.735133742690086		346.983126549721			77.376863765997
415.157	346	2156						0.726653657436371		251.422165472984			56.066872297225
417.459	243	2392						0.717370650231838		174.321068006337			38.8734105453298
419.761	182	2118						0.706846804440021		128.646118408084			28.6879459444269
422.065	163	2156						0.700311073958874		114.150705055296			25.4554843680288
424.369	80	2280						0.692784095406532		55.4227276325226			12.3592086111056
426.674	139	2085						0.683476420998573		95.0032225188017			21.1856163706412
428.98	139	2196						0.674950360059738		93.8181000483036			20.921335335256
431.286	48	2328						0.671718940138817		32.2425091266632			7.19004483294446
433.593	91	2284						0.668286883950234		60.8141064394712			13.5614802823662
435.901	101	2312						0.666701114952564		67.336812610209			15.016036738115
438.21	142	2018						0.66224689245224		94.0390587282181			20.9706088830612
440.519	154	2145						0.658427118480206		101.397776245952			22.6115949693991
442.83	192	2109						0.652106192708016		125.204388999939			27.9204439907107
445.141	250	2097						0.649022947907448		162.255736976862			36.1828547115563
447.452	259	2252						0.642366389513016		166.372894883871			37.100976493562
449.764	273	2228						0.635379093170166		173.458492435455			38.681057121405
452.078	332	2335						0.631254005551338		209.576329843044			46.7352959900175
454.391	309	2250						0.626888889551163		193.708666871309			43.1968242255331
456.706	288	2279						0.624174324631691		179.762205493927			40.0867783488186
459.021	266	2124						0.62288531434536		165.687493615866			36.9481327484875
461.337	226	2293						0.618086870312691		139.687632690668			31.1501917455679
463.654	169	2198						0.613658705830574		103.708321285367			23.1268440263714
465.971	171	2392						0.609490041732788		104.222797136307			23.2415715874056
468.289	157	2310						0.604761924147606		94.9476220911741			21.1732175351224
470.608	135	2381						0.601815566539764		81.2451014828682			18.1175701873609
472.927	111	2195						0.599672223567963		66.5636168160439			14.8436149081993
475.247	126	2289						0.596604067206383		75.1721124680042			16.7633001733457
477.568	135	2244						0.594237541675568		80.2220681262016			17.8894348499052
479.889	66	2224						0.592024919271469		39.073644671917			8.71338070725078
482.212	98	2298						0.592317102909088		58.0470760850906			12.9444354914674
484.534	98	2350						0.594473752737045		58.2584277682304			12.9915666893318
486.858	99	2351						0.593847845554352		58.7909367098808			13.1103156101856
489.182	94	2421						0.593445248842239		55.7838533911705			12.4397392666079
491.507	127	2157						0.594921152889729		75.5549864169955			16.8486806518872
493.833	72	2384						0.592186645328999		42.6374384636879			9.50810288713883
496.159	140	2256						0.591879195511341		82.8630873715878			18.4783792991228
498.486	97	2179						0.591259409070015		57.3521626797914			12.7894705500142
500.813	100	2186						0.591638120949268		59.1638120949268			13.1934664197287
503.141	126	2294						0.589587354838848		74.2880067096949			16.5661455407972
505.47	108	2360						0.590473465919495		63.7711343193054			14.2208943169486
507.8	95	2209						0.58938924074173		55.9919778704643			12.4861508014881
510.13	66	2314						0.584998700618744		38.6099142408371			8.60996932022856
512.461	99	2413						0.584598456084728		57.8752471523881			12.9061178244125
514.792	83	2437						0.583493433952332		48.4299550180435			10.7998278443305
517.124	72	2261						0.581232196092606		41.8487181186676			9.3322190990914
519.457	105	2375						0.579351303219795		60.8318868380785			13.5654452921187
521.79	92	2176						0.580496786832809		53.4057043886185			11.9094145986176
524.124	75	2326						0.57870526099205		43.4028945744038			9.67879877597544
526.458	114	2286						0.576307473778725		65.6990520107746			14.650817887147
528.794	77	2450						0.577531453132629		44.4699218912125			9.91674471919258
531.129	50	2250						0.578766483008862		28.9383241504431			6.45321513950978
533.466	48	2208						0.580180247664452		27.8486518878937			6.210219397765
535.803	38	2257						0.583058912575245		22.1562386778593			4.94081737861674
538.14	76	2249						0.587758140563965		44.6696186828613			9.96127688879855
540.479	70	2205						0.589999395787716		41.2999577051401			9.20984611750031
542.817	76	2344						0.592263173162937		45.0120011603832			10.037627812783
545.157	15	2417						0.593717769861221		8.90576654791832			1.98597635499519
547.497	48	2327						0.594618706822395		28.541697927475			6.36476791867286
549.838	77	2318						0.595575387716293		45.8593048541546			10.2265756245492
552.179	77	2342						0.596780196785927		45.9520751525164			10.2472633012361
554.521	44	2516						0.597621031939983		26.2953254053593			5.86382926399013
556.863	62	2234						0.599711997628212		37.1821438529491			8.29157806042504
559.206	15	2191						0.60237123811245		9.03556857168674			2.01492206659088
561.549	2	2417						0.603520955145359		1.20704191029072			0.26916904686727
563.893	18	2321						0.606491972923279		10.916855512619			2.4344470296078
566.238	12	3425						0.609322130441666		7.31186556529999			1.63053815137155
568.583	64	2632						0.611489807486534		39.1353476791382			8.72714041145076
570.929	61	2215						0.613756196856499		37.4391280082464			8.34888525046676
573.276	-17	2395						0.617215528488159		-10.4926639842987			-2.33985277534562
575.622	48	2218						0.620633638978004		29.7904146709442			6.64323040848472
577.97	44	2407						0.625026537775993		27.5011676621437			6.13273078941668
580.318	29	2336						0.627394749164581		18.1944477257729			4.05734226033883
582.666	-19	2223						0.629204005241394		-11.9548760995865			-2.66592450329
585.016	10	2470						0.631954453468323		6.31954453468323			1.40925162956956
587.365	56	2313						0.633092116117477		35.4531585025787			7.90601618818268
589.715	25	3250						0.637148849070072		15.9287212267518			3.55208768963671
592.066	-2	2409						0.637307598233223		-1.27461519646645			-0.284237816955981
594.417	18	2267						0.639439945697784		11.5099190225601			2.56669955401613
596.769	-11	2404						0.642819298386574		-7.07101228225231			-1.57682812847998
599.121	60	2323						0.644936014711857		38.6961608827114			8.6292022285401
601.474	10	2340						0.64742348241806		6.4742348241806			1.44374739763581
603.828	-32	2242						0.650555606126785		-20.8177793960571			-4.64234239934567
606.181	44	2295						0.654303818881512		28.7893680307865			6.4199980851464
608.536	57	2389						0.656968998908996		37.4472329378128			8.3506926410368
610.891	3	2327						0.65987440007925		1.97962320023775			0.441453843003671
613.246	44	2412						0.666040543556213		29.3057839164734			6.53515827184113
615.602	53	2284						0.668459177613258		35.4283364135027			7.9004808890345
617.958	28	2203						0.672432673215866		18.8281148500443			4.19864934704154
620.315	38	2334						0.676123341321945		25.6926869702339			5.72944154157111
622.672	31	2370						0.678001314640045		21.0180407538414			4.68700046659219
625.03	12	2545						0.682966375946998		8.19559651136398			1.82760920119273
627.388	18	2325						0.686617954730988		12.3591231851578			2.75607116828516
629.747	-8	2454						0.690543981492519		-5.52435185194015			-1.23192451717607
632.106	63	2309						0.694335581183434		43.7431416145563			9.75467349972486
634.466	18	2240						0.696230260491371		12.5321446888447			2.79465477738597
636.826	40	2222						0.698076308846474		27.9230523538589			6.22681062159875
639.187	12	2390						0.698986764967442		8.3878411796093			1.87047955530035
641.548	61	2660						0.702054481506348		42.8253233718872			9.55000101944856
643.91	22	2483						0.706712818145752		15.5476819992065			3.46711635200296
646.272	16	2312						0.712583263397217		11.4013322143555			2.54248481265743
648.634	-12	2329						0.717847754120827		-8.61417304944992			-1.92095131867601
650.997	36	2329						0.723733997106552		26.0544238958359			5.81010848664638
653.361	54	2340						0.730186020195484		39.4300450905561			8.79285761701699
655.724	-7	2462						0.7341744992733		-5.1392214949131			-1.14604086207112
658.089	16	2137						0.738915598452091		11.8226495752335			2.63643813067341
660.453	0	2199						0.745233576476574		0			0
662.818	63	2419						0.751778895497322		47.3620704163313			10.5616907275025
665.184	56	2221						0.753519323825836		42.1970821342468			9.40990389962474
667.55	49	2377						0.758299961686134		37.1566981226206			8.28590368994876
669.916	52	2375						0.76304160284996		39.6781633481979			8.84818772142382
672.283	56	2314						0.765285443484783		42.8559848351479			9.55683849275505
674.65	78	2094						0.76824095249176		59.9227942943573			13.3627186333164
677.018	100	2095						0.773500720381737		77.3500720381737			17.2489828133766
679.386	62	2099						0.774655887007713		48.0286649944782			10.71034060098
681.754	111	2031						0.780758684635162		86.664213994503			19.326026444917
684.123	80	2249						0.784869603276253		62.7895682621002			14.0020061426419
686.492	148	2005						0.7899810359478		116.917193320274			26.0724082735742
688.862	201	2166						0.795084442615509		159.811972965717			35.6378979672706
691.232	535	2127						0.796766014099121		426.26981754303			95.0577105220045
693.602	1086	2134						0.803074624538421		872.139042248726			194.486067746631
695.973	1527	2367						0.80917464351654		1235.60968064976			275.53962891012
698.344	2105	2294						0.810426388263703		1705.94754729509			380.424466951923
700.716	2489	2105						0.816140144348145		2031.37281928253			452.993952353042
703.088	2441	2007						0.821240208625793		2004.64734925556			447.034201301393
705.46	1931	2169						0.827542109489441		1597.98381342411			356.348670499019
707.832	1409	2127						0.837463612556458		1179.98623009205			263.135659302734
710.205	877	2317						0.842343920171261		738.735617990196			164.737247717797
712.579	411	2078						0.847233318328857		348.21289383316			77.6511005466174
714.952	166	2034						0.851786927223206		141.396629919052			31.5312962881203
717.326	45	2155						0.857616646766663		38.5927491044998			8.60614151330002
719.701	23	2054						0.865968562781811		19.9172769439817			4.44153132173493
722.075	39	2438						0.868723821640015		33.8802290439606			7.55525461183963
724.45	49	2097						0.875158727169037		42.8827776312828			9.56281325745632
726.826	12	2308						0.879253574848175		10.5510428981781			2.35287121030806
729.201	19	2150						0.886474482953548		16.8430151761174			3.75597425629948
731.577	59	2332						0.89306919658184		52.6910825983286			11.7500547085235
733.954	26	2293						0.897394534945488		23.3322579085827			5.20306840132991
736.33	-49	2306						0.905512806177139		-44.3701275026798			-9.89449067795754
738.707	1	2280						0.911585627913475		0.911585627913475			0.20328261389389
741.085	-7	2265						0.920111380517483		-6.44077966362238			-1.43628693283879
743.462	31	2380						0.927018935799599		28.7375870097876			6.40845097319504
745.84	17	2330						0.934507882595062		15.8866340041161			3.54270228428701
748.218	-2	2364						0.93711781668663		-1.87423563337326			-0.417952529020511
750.597	18	2280						0.942468699574471		16.9644365923405			3.78305110143253
752.975	-23	2219						0.960409042239189		-22.0894079715014			-4.92591420302816
755.355	19	2424						0.965481523275375		18.3441489422321			4.09072547048728
757.734	-19	2241						0.981364061117172		-18.6459171612263			-4.15801945853275
760.113	24	2465						0.990919766604901		23.7820743985176			5.30337699445225
762.493	-16	2216						0.994247965455055		-15.9079674472809			-3.54745961915178
764.874	42	2343						1.00850126409531		42.3570530920029			9.44557725102914
767.254	13	2101						1.01430535674095		13.1859696376324			2.94045703726014
769.635	-21	2374						1.0241561716795		-21.5072796052694			-4.79610020389759
772.016	9	2254						1.0332159318924		9.29894338703155			2.073654366945
774.397	-23	2392						1.03984236133099		-23.9163743106127			-5.33332573030375
776.778	32	2386						1.04552076172829		33.4566643753052			7.46080014660804
779.16	-6	2379						1.060282330513		-6.361693983078			-1.41865091119655
781.542	98	2105						1.06388764548302		104.260989257336			23.2500883892892
783.924	31	2492						1.07290418243408		33.2600296554565			7.41695081571785
786.307	34	2116						1.08409762144089		36.8593191289902			8.21958849443532
788.689	101	2264						1.08820687973499		109.908894853234			24.5095652583883
791.072	100	2419						1.11052705669403		111.052705669403			24.7646338393214
793.455	124	2150						1.1187610322237		138.726367995739			30.9358307531986
795.839	102	2197						1.12241071844101		114.485893280983			25.530230981597
798.222	89	2372						1.10673387145996		98.4993145599365			21.9652411330041
800.606	111	2236						1		111			24.7528805317711
802.99	121	2390						1		121			26.9828697688676
805.374	108	2237						1		108			24.0838837606422
807.759	11	2343						1		11			2.45298816080615
810.143	45	2365						1		45			10.0349515669342
812.528	9	2297						1		9			2.00699031338685
814.913	54	2208						1		54			12.0419418803211
817.298	40	2131						1		40			8.919956948386
819.684	1	2143						1		1			0.22299892370965
822.069	-2	2231						1		-2			-0.4459978474193
824.455	-14	2263						1		-14			-3.1219849319351
826.841	-12	2121						1		-12			-2.6759870845158
